0.00558;16.22516;0.00643;-0.163695;0.039723;-0.220343
16.22711;2.71094;2.68942;-0.024658;-0.066878;0.101643
2.70776;2.68974;16.22708;-0.122460;0.177362;0.142599
2.69237;16.21494;2.70838;0.115204;0.130301;0.082987
4.06269;1.35727;4.06464;-0.116431;-0.060174;-0.079177
1.34601;1.34396;1.34831;0.110747;0.052508;0.082864
1.36350;4.04273;4.05520;-0.277844;0.210955;-0.010213
4.06019;4.06617;1.33663;-0.192037;-0.271284;0.340784
0.01204;0.00458;5.39734;-0.320720;-0.017713;0.055092
16.22523;2.69818;8.12341;0.181526;0.271130;-0.127812
2.69572;2.72000;5.41974;0.025034;-0.380616;-0.123584
2.71837;16.21578;8.11442;-0.101120;0.225360;-0.183392
4.06149;1.34724;9.46789;-0.065422;0.061615;0.102745
1.33731;1.35084;6.75403;0.257090;-0.018488;0.186868
1.35691;4.06721;9.48003;-0.034523;-0.224029;-0.127852
4.04273;4.04445;6.75023;0.190123;0.223935;0.248519
16.22727;0.00412;10.83162;-0.017072;0.079300;-0.172904
0.00114;2.69559;13.52903;-0.082839;0.151672;-0.021933
2.70653;2.71380;10.83480;-0.030967;-0.201417;-0.272266
2.70003;16.21776;13.53915;0.023003;0.180398;-0.168777
4.04468;1.34721;14.89039;0.109317;0.050178;-0.222587
1.35562;1.36678;12.17737;0.048135;-0.239344;0.063000
1.33877;4.04945;14.89334;0.191936;0.135581;-0.151324
4.05036;4.05049;12.16036;0.242173;0.088232;0.191534
0.00062;5.42363;0.01380;-0.121128;-0.164190;-0.126853
16.22688;8.13009;2.71191;-0.056213;-0.286862;-0.044475
2.69581;8.11110;16.22481;-0.007280;0.226697;0.128982
2.69117;5.41341;2.70662;0.146890;-0.113198;-0.133161
4.05390;6.75117;4.05166;-0.033271;0.107463;0.049432
1.34744;6.76244;1.35065;0.001183;0.174579;0.161008
1.34533;9.46081;4.05653;0.071919;0.074713;0.044347
4.06938;9.48016;1.33948;-0.151043;-0.314077;0.250344
16.22042;5.41510;5.40516;0.229345;-0.239526;0.104331
0.01243;8.12919;8.11938;-0.087639;-0.301153;0.010884
2.68903;8.10348;5.40169;0.256607;0.105655;0.161935
2.70899;5.40156;8.12795;0.030653;0.065885;-0.146022
4.05218;6.76110;9.48272;0.217522;-0.006462;-0.219247
1.35821;6.75344;6.76490;-0.103743;0.025993;0.074971
1.34357;9.47107;9.47480;0.364531;0.003372;-0.099032
4.05896;9.47217;6.77594;-0.081517;-0.050818;-0.311948
0.00578;5.41367;10.81049;-0.098477;-0.101168;0.212797
0.01097;8.10426;13.53432;-0.168299;0.083711;-0.033260
2.71922;8.11091;10.81815;-0.242208;0.170475;0.089411
2.72055;5.40211;13.51104;-0.302430;0.093561;0.233659
4.05114;6.77730;14.89068;0.091583;-0.226336;-0.203302
1.34400;6.76506;12.16098;0.238361;-0.067859;0.129978
1.34072;9.48097;14.88081;0.171773;-0.080361;-0.044530
4.06711;9.47042;12.17295;-0.128180;0.035446;-0.082201
16.22575;10.82016;0.01019;0.139667;0.171275;-0.047916
0.00925;13.51036;2.70364;-0.250987;0.159135;0.224866
2.71143;13.53237;0.00847;-0.282279;-0.142959;-0.149696
2.70808;10.81201;2.71896;-0.069368;0.040762;-0.199221
4.04357;12.16247;4.07357;0.129219;0.178198;-0.126387
1.34289;12.18422;1.36685;0.310980;-0.241009;-0.153578
1.34516;14.86659;4.07039;0.075794;-0.017854;-0.164941
4.04711;14.87432;1.34163;0.239693;0.045855;0.251775
16.22432;10.82127;5.39633;0.199872;-0.078742;0.316743
0.00383;13.50958;8.11042;-0.043074;0.108815;0.126471
2.69302;13.52156;5.42182;0.144646;0.072281;-0.206515
2.71944;10.83198;8.11834;-0.342506;-0.180492;-0.067708
4.04426;12.17464;9.45189;0.250885;0.155160;0.334514
1.36399;12.18389;6.75516;-0.182382;-0.335014;0.095592
1.35162;14.89120;9.45630;-0.129513;-0.124063;0.134869
4.05643;14.86536;6.74676;0.084316;0.014240;0.180842
16.22701;10.80669;10.80958;-0.081216;0.165152;0.259802
0.01610;13.53996;13.51760;-0.182823;-0.382919;-0.022669
2.69396;13.54048;10.82003;0.132752;-0.097088;0.036275
2.71899;10.82305;13.52584;-0.078137;-0.115037;0.080874
4.05065;12.16974;14.89117;0.245112;0.072740;0.001019
1.36367;12.15786;12.18188;-0.126877;0.124187;-0.223045
1.34068;14.86588;14.86273;0.188876;0.125143;0.341590
4.06876;14.88354;12.18535;-0.099830;-0.072220;-0.148185
5.39767;0.01133;0.00026;0.188816;-0.145625;0.035214
5.42513;2.69903;2.69929;-0.232318;0.127144;0.033812
8.13065;2.70221;16.22721;-0.155413;-0.049246;0.009371
8.12639;16.22705;2.70094;-0.169042;0.053559;0.028251
9.45523;1.35477;4.05266;0.167103;-0.079728;0.188225
6.76653;1.35250;1.35688;0.076958;-0.053365;-0.132425
6.75111;4.05682;4.06529;0.252838;-0.059082;-0.112974
9.47594;4.04166;1.36188;0.009535;0.196214;-0.129238
5.41159;16.21861;5.41393;0.028362;0.121907;-0.077238
5.40299;2.72110;8.13113;0.041905;-0.273059;-0.326484
8.12701;2.71493;5.42123;-0.306050;-0.210438;-0.256122
8.11101;0.00880;8.12643;0.112168;-0.137222;-0.137607
9.47402;1.35062;9.45987;0.013588;0.083348;0.101987
6.77243;1.34578;6.75812;-0.187033;0.187272;0.154654
6.75211;4.05474;9.47156;0.107100;0.216984;0.023331
9.45844;4.04250;6.75030;0.256685;0.329677;0.234836
5.42156;16.21987;10.81328;-0.088316;0.006276;0.035191
5.40302;2.71954;13.54113;-0.045855;-0.255830;-0.173444
8.10114;2.69481;10.80848;0.070321;-0.032544;0.133760
8.11127;16.22903;13.53574;0.086901;-0.061615;-0.246848
9.46364;1.33724;14.87185;0.064086;0.145550;0.065927
6.75361;1.33942;12.18182;0.004503;0.179307;-0.006318
6.77120;4.05714;14.86870;-0.124541;0.001030;0.333941
9.45234;4.05081;12.17321;0.091443;0.001843;-0.087115
5.39663;5.39909;0.01419;0.309839;0.267966;-0.285186
5.41691;8.11127;2.72045;-0.163068;0.010895;-0.240227
8.11588;8.12899;0.01149;-0.101637;-0.113108;-0.087203
8.12539;5.40075;2.70471;-0.036621;0.079829;0.154988
9.47776;6.77805;4.06328;-0.107607;-0.261151;-0.070865
6.76740;6.75805;1.36347;-0.030139;-0.014566;-0.071319
6.75182;9.46539;4.05938;0.172169;0.108618;-0.020794
9.46740;9.47273;1.35756;0.097368;-0.082678;0.035914
5.40299;5.39763;5.39844;-0.042008;0.143046;0.217886
5.41042;8.12613;8.11299;-0.112714;-0.222652;0.090201
8.12230;8.12899;5.40325;-0.176376;-0.129109;0.123540
8.12023;5.41464;8.12075;-0.194208;-0.181497;-0.177451
9.46185;6.75176;9.46091;0.192736;0.091764;0.227150
6.75208;6.76831;6.76289;0.124084;-0.078389;-0.117246
6.76805;9.45728;9.45711;-0.111840;0.207579;0.124758
9.45250;9.47841;6.76393;0.248884;0.015243;-0.052518
5.41214;5.41643;10.83555;-0.113095;-0.159298;-0.201989
5.39780;8.12750;13.51945;0.157885;-0.165877;0.144687
8.11403;8.12665;10.80825;0.072779;-0.206428;0.176745
8.11870;5.39575;13.54061;-0.019284;0.379209;-0.202792
9.47536;6.77178;14.89084;-0.145072;-0.054336;-0.076010
6.74734;6.76078;12.16416;0.323007;0.126668;0.270822
6.75925;9.47636;14.87464;0.020799;-0.148168;0.029630
9.47389;9.47214;12.18165;-0.088593;-0.089313;-0.099552
5.42295;10.81393;0.01516;-0.053207;0.187549;-0.221043
5.41873;13.51010;2.70474;-0.190880;0.127226;0.049119
8.09883;13.51841;16.21990;0.160109;0.138186;0.131316
8.13061;10.81744;2.71360;-0.199785;-0.037279;0.007241
9.45127;12.18519;4.06149;0.263565;-0.293326;-0.012501
6.77318;12.16257;1.35851;0.011733;0.008199;0.017278
6.77256;14.88159;4.05653;-0.091194;-0.093926;-0.068292
9.46458;14.88266;1.35597;0.078062;-0.186709;-0.185818
5.41500;10.82808;5.40610;-0.108135;-0.169794;0.130213
5.41831;13.51315;8.09948;-0.072554;0.018288;-0.007744
8.11620;13.50984;5.39458;0.026717;0.385710;0.359119
8.11510;10.81977;8.12334;0.000588;0.048709;-0.067264
9.48360;12.17234;9.45299;-0.168096;0.149899;0.099291
6.77467;12.16166;6.75163;-0.017366;0.052537;0.076956
6.76701;14.86666;9.45306;-0.074209;0.021823;0.069396
9.48220;14.88351;6.77681;-0.361913;-0.078352;-0.187579
5.41445;10.81981;10.82214;-0.023980;0.050972;-0.182230
5.41964;13.53815;13.53850;-0.078236;-0.308134;-0.117624
8.11188;13.52688;10.81526;0.089350;-0.179429;-0.042271
8.11416;10.81393;13.52468;0.058114;0.003195;0.040379
9.45731;12.17383;14.86818;0.105272;-0.025170;0.057734
6.77555;12.15767;12.17919;-0.172984;0.244001;-0.051449
6.76763;14.88493;14.86779;-0.148283;0.050200;0.277337
9.46429;14.87081;12.16818;-0.064969;0.101184;0.077821
10.82214;0.00399;16.22101;0.028233;-0.114020;0.110875
10.81390;2.70743;2.71824;0.168741;-0.101854;-0.023976
13.51695;2.71805;16.21676;0.200286;-0.139450;0.110261
13.52526;0.00646;2.72113;-0.101342;0.032193;-0.299054
14.86494;1.36201;4.04919;0.302255;-0.043452;0.075598
12.17146;1.36733;1.34429;0.000244;-0.110598;0.115510
12.18737;4.04588;4.06685;-0.086698;0.009380;-0.028544
14.86679;4.06510;1.35321;0.111556;-0.059388;-0.145464
10.82217;16.22646;5.42431;-0.063539;0.164880;-0.193848
10.82870;2.70442;8.10637;-0.040041;0.065927;0.075152
13.53555;2.69033;5.42162;0.002153;0.206920;0.003702
13.51030;16.21539;8.10273;0.315894;0.195039;0.122107
14.88221;1.36850;9.45205;-0.262032;-0.374205;0.225373
12.18019;1.35250;6.75968;-0.099817;-0.060297;0.030582
12.17000;4.06120;9.48035;0.086239;-0.081458;-0.102515
14.87286;4.06633;6.77393;0.061374;-0.077253;-0.047965
10.81335;0.00743;10.83604;0.174288;-0.193388;-0.260125
10.80643;2.70789;13.53237;0.191371;-0.029620;-0.033762
13.51831;2.69380;10.83000;0.071131;0.049033;-0.161119
13.51640;0.00367;13.54058;0.087467;-0.241636;-0.219448
14.86643;1.35046;14.86215;0.141236;-0.000396;0.313257
12.17922;1.34192;12.18120;-0.179889;0.153665;0.075689
12.18321;4.06789;14.88594;-0.325458;-0.072583;-0.161079
14.87893;4.04926;12.16471;0.041048;0.044057;0.062031
10.82477;5.41552;0.00208;-0.089829;-0.128334;0.044820
10.82136;8.09961;2.69964;-0.002809;0.209590;0.014884
13.52153;8.10919;0.00824;0.212749;0.013279;0.063353
13.51124;5.39682;2.68981;0.117772;0.153906;0.275975
14.87727;6.74880;4.06980;-0.212605;0.191345;-0.280136
12.16601;6.75643;1.35221;0.066619;0.031977;0.001129
12.16533;9.45656;4.06136;0.124598;-0.002548;-0.156424
14.89367;9.47951;1.35195;-0.279512;-0.199691;0.016067
10.82860;5.40640;5.40357;-0.051426;0.025225;0.118797
10.81075;8.11899;8.11659;-0.074900;0.050388;0.010918
13.51413;8.10750;5.42328;0.184425;0.096812;-0.067934
13.53243;5.42010;8.12912;-0.193050;-0.010826;-0.063857
14.88574;6.75286;9.48201;-0.074976;0.362868;-0.128197
12.16266;6.77776;6.77000;0.035338;-0.260374;0.077729
12.16370;9.46627;9.47753;-0.020619;0.106632;-0.144799
14.88717;9.46594;6.77266;-0.129902;0.053951;-0.107706
10.83558;5.40747;10.83545;-0.395397;-0.030918;-0.164140
10.82318;8.11237;13.52614;0.037363;0.016638;0.033662
13.51137;8.12714;10.82373;0.235980;-0.148224;-0.028893
13.51114;5.39663;13.51646;0.171729;0.198399;-0.088955
14.87140;6.75448;14.87773;-0.031297;-0.006781;-0.043063
12.16341;6.76808;12.15650;0.140359;-0.004449;0.265703
12.18370;9.45500;14.89055;-0.125562;0.137144;-0.158358
14.87688;9.46140;12.18454;0.032261;0.003765;-0.041461
10.81062;10.81130;16.22458;0.119768;0.163806;0.032286
10.80442;13.50971;2.71425;0.146675;0.320303;-0.050256
13.53581;13.53146;16.22046;-0.099737;0.053592;0.251022
13.52494;10.81338;2.69899;-0.043430;0.063877;0.119803
14.88474;12.15844;4.06983;-0.209904;0.191325;-0.283982
12.16721;12.18324;1.35763;0.045641;-0.135663;-0.159156
12.17493;14.88831;4.06081;-0.211588;-0.128395;-0.095040
14.88633;14.88539;1.36756;-0.097679;-0.087853;-0.042013
10.82906;10.82282;5.39633;-0.176667;0.037720;0.172521
10.82584;13.53341;8.10140;0.128451;-0.196031;0.076062
13.52666;13.54026;5.39387;0.125749;-0.148783;0.198748
13.52740;10.82584;8.12227;-0.103981;-0.227329;-0.080713
14.86283;12.16283;9.46497;0.243673;0.117960;0.089552
12.18698;12.16893;6.75955;-0.067902;0.113591;-0.118344
12.18714;14.86494;9.45666;-0.289037;0.164625;0.269964
14.88821;14.87588;6.76857;-0.013154;0.021267;-0.181321
10.80955;10.82698;10.82062;0.095156;-0.080711;0.003107
10.81903;13.52455;13.51724;0.006570;-0.117660;-0.035207
13.52283;13.51737;10.82123;0.074390;0.013675;-0.009774
13.51533;10.82438;13.51838;0.247326;-0.026861;0.287606
14.89292;12.18470;14.89233;-0.098892;-0.104939;-0.315786
12.17795;12.16078;12.16685;-0.167731;0.148012;0.016776
12.16896;14.86737;14.86838;-0.012260;0.070711;0.121048
14.87763;14.86559;12.17604;-0.108457;0.200933;0.005607
