16.00927;0.03003;0.04869;3.580301;2.453082;-3.314165
15.96383;2.58896;2.46885;1.753689;-2.342438;7.872951
2.56948;2.76667;15.86888;4.027173;-3.116264;6.690931
2.74963;16.09529;2.83727;-1.560336;2.109680;1.711184
4.24090;1.68197;4.40239;-0.456390;-0.512427;-6.653536
1.28028;1.54807;1.46368;2.453504;-3.019123;-1.810316
1.68603;3.79863;4.02261;-1.645443;1.020123;0.137870
4.26524;4.44783;1.04007;-5.339079;-7.097783;6.357221
0.08358;0.34164;5.50332;-8.167523;-3.166318;-7.007689
16.05553;2.60437;8.01113;4.669899;-3.037118;1.528394
2.99308;2.53783;5.74271;-3.515663;3.155545;3.064519
2.63602;16.20241;8.48586;-0.743003;-1.666149;-2.871546
3.90656;1.34438;9.49347;2.635157;2.622386;1.805833
1.24619;0.98246;6.80794;7.267118;5.073833;7.605741
0.97272;4.27742;9.18429;3.140087;-3.688611;-4.667393
4.42836;4.35938;7.08061;-4.035785;2.955789;-2.619377
16.05390;0.22965;10.47268;-1.123379;1.186764;6.733059
16.17401;2.73584;13.72301;2.087199;1.365066;-3.801086
2.74233;2.97442;10.95309;-1.163683;-1.360510;-1.116180
2.98984;15.91838;13.71164;3.593374;3.379776;-3.298098
3.83271;1.73472;14.49041;-0.608674;-3.779054;1.353601
1.61461;1.00761;11.91282;-0.508483;1.229615;0.757241
1.32734;3.96824;15.01546;-3.826116;5.813765;-3.880981
4.21250;4.01611;12.34616;-0.941421;2.991322;-1.974337
16.02388;5.39458;15.96545;2.831792;-1.342598;2.888295
16.14642;7.81312;2.33658;-0.262955;1.496012;1.327051
3.09371;8.04278;0.26698;-11.721085;-13.264095;-15.121498
2.34064;5.43597;2.34469;7.303986;-11.389847;7.333612
4.04533;6.41924;4.37236;-1.903217;2.048813;-2.526186
1.62760;6.85907;1.50993;-4.836870;8.308345;-7.331611
1.40768;9.49347;3.93983;-3.938520;-8.383096;-2.157587
3.87978;9.09746;1.29569;10.506302;16.093580;13.735388
16.19835;5.42055;5.41811;0.647398;-0.309629;0.501951
0.26049;7.87398;8.48829;3.011150;2.410483;-3.591170
2.48184;8.07361;5.10974;2.340848;-2.339083;3.197880
2.62304;5.69078;8.47936;1.949809;-4.807657;0.506089
4.01287;7.02543;9.35389;-3.042801;3.279749;1.208742
1.72904;6.81525;7.08061;-3.618019;2.586164;-5.569430
0.96298;9.66226;9.59734;5.791473;-2.889952;-5.001229
4.13703;9.53080;7.14309;-3.251841;-3.791098;3.840614
0.39195;5.12192;10.82000;0.338993;6.119518;4.502582
16.09773;8.05576;13.56071;2.948210;-0.043928;4.214688
2.67011;8.17830;11.02044;-0.293781;1.168395;0.005325
3.08478;5.32804;13.89017;-3.776505;-1.928068;-2.248902
4.15245;6.86313;14.79473;-0.078269;5.089495;-1.610193
1.30138;6.93535;12.52469;3.487941;-3.484203;-2.685604
1.25999;9.75071;14.83449;-0.009534;-1.072871;0.572188
4.00556;9.72069;12.33723;1.190050;-0.349435;-0.601321
15.83805;10.83785;16.18293;6.742759;-4.845122;6.907549
16.12207;13.77738;2.31548;-0.120242;-0.231662;4.165172
2.57110;13.76277;0.28889;-0.687228;-1.478298;-5.558946
2.72529;10.51893;3.08884;6.313177;5.724195;-6.452590
4.26768;11.99072;3.84732;-2.980780;-2.427223;5.444724
1.35656;12.52469;1.46611;-0.133625;-4.876484;0.331207
1.06361;14.91808;4.42592;2.039534;-1.310955;-2.314342
3.84002;15.02195;1.23564;1.513492;-0.801690;4.319841
0.28889;10.46537;5.16980;-5.618191;4.078392;3.183613
16.07013;13.52419;8.28298;0.335992;-0.576375;-0.989735
2.86405;13.53798;5.75002;-9.626880;-8.700245;-9.840414
2.97117;11.13162;8.30083;-3.651679;-2.476219;-1.640387
4.08834;12.50440;9.48454;5.459859;-0.986390;-3.110994
1.01492;11.86738;6.63266;2.682373;2.760815;2.882674
0.99219;15.18830;9.56245;4.127523;-6.387882;-2.532101
3.89277;14.53505;6.80308;-5.037322;17.554825;-1.197205
0.10306;10.59440;11.05615;-3.361966;4.633006;4.278600
16.04336;13.23692;13.49903;2.622303;0.286667;0.055518
2.80806;13.11925;10.84516;-2.809342;5.658239;2.738053
2.72204;11.22088;13.70353;3.277409;-2.419380;3.941992
4.39671;12.32587;15.22320;-4.082705;5.944363;-3.640771
1.62598;11.93473;12.17169;-4.739353;1.462899;-1.527203
1.40525;15.07632;14.55128;-5.796120;-3.740742;4.047417
4.28229;15.14448;11.94690;-3.440484;-3.125478;1.302992
5.09838;0.06167;0.23939;3.290740;3.182993;-3.427984
5.59908;2.75612;2.75612;-2.186690;3.479151;2.704469
8.49965;2.45344;16.21052;-2.431511;2.210842;1.826886
8.32924;15.94598;2.80319;-2.299048;4.548968;2.687782
9.80995;1.32572;4.15569;-3.222257;-0.334611;-2.161740
6.47198;1.74932;1.19426;2.806169;-3.156154;-2.755048
6.80470;4.38697;4.20682;19.338727;-14.181614;-15.416352
9.44884;4.00232;1.66980;1.567472;-1.959022;-3.191197
5.54552;0.40413;5.26880;-3.080032;-8.679293;-2.994072
5.62505;2.92735;7.83422;1.382177;-6.253287;-0.107978
8.51020;2.76992;5.34508;-9.121260;-8.026301;-8.827686
8.09147;15.82668;8.50777;3.897597;7.593099;-1.276606
9.08934;1.73959;9.76289;1.715069;-1.657055;-2.067852
6.77062;1.29569;6.36730;6.776129;5.192146;7.006122
6.46225;3.93659;9.45208;1.160624;2.890203;1.778904
9.41962;3.80025;6.48578;-0.138701;13.629884;1.863771
5.60963;0.19070;11.02693;-0.242141;-0.212131;-5.190218
5.35319;2.47048;13.27100;3.067385;1.258289;1.299369
7.71736;3.01175;11.12431;1.477307;6.088690;-6.471108
7.98191;16.09367;13.64510;2.086603;2.623148;-4.814597
9.46020;1.20481;14.65596;-0.568383;0.273782;-0.349155
6.84446;1.58783;11.95339;-1.757693;-7.468895;6.360513
6.83067;4.06886;15.19967;0.059157;-0.301772;-1.614684
9.42449;3.67041;12.03130;2.645945;5.095810;-1.751764
5.12679;5.68916;16.12207;8.257037;2.658559;-1.894285
5.51712;8.50046;2.74558;-18.021863;-20.789929;-21.335169
8.09958;8.29434;16.05472;5.517757;0.054703;3.991089
8.46070;5.68672;2.45019;-2.480589;2.796952;1.910196
9.71338;7.04734;4.26362;-0.753398;0.636483;-4.553160
6.90614;7.06925;1.01654;-2.353889;-2.575669;3.224402
6.36811;9.36038;3.72803;18.839846;18.587438;23.451242
9.81888;9.59653;1.41255;-2.539703;0.593289;-0.905858
5.69646;5.20144;5.07485;-17.364276;13.259331;16.477898
5.61287;8.01762;8.35926;-6.113838;-5.014196;-3.605070
8.33086;8.14016;5.52686;-1.694683;1.577354;0.780852
8.37793;5.69646;8.21157;-42.358869;-38.694252;-49.352323
9.11287;6.37541;9.08528;42.251186;38.714374;50.426268
6.63915;7.12768;6.81119;2.539327;-3.423235;-3.542087
6.53853;9.42043;9.14290;4.749902;6.880728;7.261069
9.85540;9.15832;7.15040;-13.457611;20.035910;-12.907575
5.05537;5.67293;10.44265;3.637056;-4.695411;3.988664
5.69321;8.32274;13.68324;-8.444360;-4.779440;-6.160892
8.05170;8.20345;10.92387;0.502419;-0.221144;-0.542553
8.12312;5.04320;13.12493;-0.707269;1.138405;3.538222
9.31331;6.76575;14.90915;-2.090996;-3.936435;0.676041
6.88017;6.37055;11.83248;-1.282273;1.926759;-0.199815
7.13092;9.12748;14.55696;4.112790;8.867045;-0.019721
9.85945;9.15832;12.37132;-3.240325;5.016208;-6.153666
5.19252;10.69259;15.97519;3.548723;-5.619931;3.342835
5.27367;13.12736;2.54676;-4.786684;10.560003;4.474812
7.70925;13.74005;15.92893;8.689266;-13.440777;10.293895
7.73765;10.91170;2.76586;2.230573;-0.458119;-0.035555
9.40258;11.79434;4.36100;5.964401;-8.449684;-6.817825
6.39489;12.20821;1.44339;7.774839;-5.825724;-9.202455
6.96213;14.91402;4.30663;-0.569146;-0.763497;-0.876794
9.29222;14.62512;1.61543;-5.354105;5.489887;-9.166695
5.04888;10.52948;5.73866;4.634031;4.274174;-6.231864
5.13409;13.78062;7.72791;14.219675;-9.047701;9.994884
8.44366;13.15658;5.04969;-5.918256;11.905311;4.297328
7.78310;10.46943;7.76362;3.042150;2.057033;-0.987298
9.13154;11.82193;9.73692;0.159261;0.530050;-1.389722
7.09197;12.41189;6.46549;-3.315784;-2.215275;2.955045
6.74708;14.64541;9.19808;-7.735583;-2.320485;1.566818
9.34902;15.24511;6.93535;2.605570;-2.242984;-2.683233
5.53741;10.98068;10.62281;-0.345218;-0.109033;1.658550
5.37997;13.66458;13.22961;1.345893;-1.258132;2.568073
7.94134;13.70921;10.63985;1.016011;-3.602463;1.815613
8.42499;11.13486;13.19391;8.724814;-8.432395;5.919533
9.79616;12.15789;15.14448;-3.105518;2.766784;-3.351281
7.13741;12.23174;12.49467;-9.300684;7.178498;-6.188271
6.94022;15.00734;15.00409;-11.297824;9.424453;-5.973173
9.25651;14.93025;11.88036;1.205819;0.520537;1.964516
10.71775;0.19151;16.11152;-1.985107;1.120090;4.112381
10.85408;2.93303;3.10832;-3.888948;-5.453306;-8.484756
13.88612;2.65388;0.15743;-9.505516;-3.940068;-3.626197
13.84311;0.07304;2.34388;-13.224082;13.198868;12.035626
14.49366;1.65762;4.28715;9.264510;-7.543976;-8.804145
12.01426;1.56106;1.23889;1.347566;0.063249;1.139913
11.83735;3.93740;4.33503;6.077803;6.657759;5.833506
15.21508;3.65418;1.03196;2.857909;10.012952;-0.041059
11.07400;0.18015;5.37348;0.953414;-2.712376;2.612076
10.54247;3.07991;7.72467;8.392911;-6.420981;10.483119
13.36108;2.57110;5.36618;-7.592562;6.469745;9.062437
13.39678;0.05437;7.89265;18.026536;-16.970604;13.695593
14.74685;1.36224;9.34821;-3.529009;2.009121;-0.540603
12.35346;1.02222;7.12199;-18.525320;17.925027;-13.959183
12.39891;3.74994;9.47399;-4.868197;1.856416;-2.713229
14.67544;3.74588;7.13254;-3.511421;4.391319;-4.388509
10.91008;15.98980;10.66338;-6.687744;7.169792;6.156741
10.52948;2.39582;13.11925;3.809759;-1.529107;3.485004
13.31969;2.80400;11.00015;3.085400;-2.866269;3.307856
13.68892;0.22722;13.42194;5.638989;-5.399481;4.059052
14.80609;1.56998;14.79473;-0.007222;-2.980083;1.160387
12.21145;1.03601;12.54985;-6.187117;3.491762;-6.540375
12.39485;3.76455;14.60646;-1.988357;-1.017796;1.428306
15.13475;4.35126;11.97774;-4.583546;-2.855422;3.636599
10.77861;5.27204;15.88187;0.461736;-0.416643;2.044495
11.19086;8.18073;2.45100;-4.251733;11.252900;7.039960
13.60777;8.42499;16.14155;-1.433438;-2.289707;-1.264247
13.60534;5.02373;2.46236;-0.746608;1.356301;1.366298
14.95784;7.13741;4.06805;-0.912156;-2.355549;1.169430
11.77486;6.64402;1.74527;5.700325;-12.730762;-7.191552
12.07755;9.68336;4.26119;12.875914;-12.992379;-14.727672
14.85397;9.31575;1.39389;-0.027936;2.862360;1.450595
10.51650;5.63479;5.56418;1.931490;-2.560476;0.823735
10.65121;7.93890;7.90563;13.218721;-18.218880;12.133715
13.31563;8.30327;5.46843;3.889646;1.910201;-0.994203
13.37325;5.31100;8.39416;1.822106;2.683459;-2.048962
14.87831;7.15283;9.39852;-0.729818;-6.362663;-1.820808
12.23904;6.82661;6.46143;-1.669928;-3.037100;3.734176
12.15059;9.76694;9.13560;0.120700;-2.572280;-0.081586
15.02114;9.77506;6.71787;-1.059412;-1.624562;1.151769
10.94984;5.77761;11.14541;-2.280747;-2.527353;-2.383860
10.49540;8.05251;13.85285;6.341882;-0.249123;2.109032
13.64835;7.90320;10.71451;-1.849447;5.878691;2.282949
13.39597;5.43597;13.64916;1.836296;1.272247;-2.333399
14.94485;6.73329;14.78337;-3.835810;1.214196;0.501472
12.45328;6.98810;12.13355;-1.991243;-0.964641;4.027726
12.32587;9.84809;14.82232;-5.933846;-8.224635;4.610212
15.11608;9.25651;12.33642;-5.338184;3.538808;-3.314482
11.16408;10.99366;0.05681;-1.904606;-5.464426;-1.294387
10.42561;13.43573;2.41124;5.383286;-5.918821;9.087681
13.24016;13.71976;0.22803;1.497436;1.246049;-1.947346
13.71976;11.09591;3.02554;-9.389026;-8.075336;-6.108985
14.99354;12.16520;3.75968;8.469379;7.601123;5.982845
11.77649;12.44273;1.23483;4.982516;1.422058;3.145195
12.05483;14.55696;4.31718;-0.139031;0.573905;-1.571334
14.81988;15.24349;1.43122;7.719403;-13.227868;-9.777323
11.12918;10.68123;5.21118;-12.637639;12.672154;14.232872
10.41668;13.21906;8.11094;0.670580;0.646251;-0.165338
13.69136;13.71733;5.73379;-7.708415;-7.694032;-6.034286
13.90235;11.02369;8.50371;-5.018179;-9.335565;-10.622401
14.55452;12.24554;9.64441;7.455540;8.160402;8.016130
12.23255;12.03373;6.80957;0.170726;0.902982;0.803439
12.14653;15.00896;9.66145;-0.368980;2.431519;-11.492257
14.95946;14.76714;6.56855;7.339754;6.957514;5.733881
11.19086;10.99772;10.71207;-16.231107;-13.800320;-16.062969
11.04397;13.79929;13.12493;-1.070069;-1.163007;0.791206
13.16956;13.70191;10.43616;5.958412;-7.344067;7.238471
13.37650;10.99934;13.80172;3.737370;4.071583;-9.443877
14.87912;11.86007;14.93999;-3.521320;7.900254;-3.957801
12.09216;11.83086;11.78055;15.316570;15.232890;18.684468
11.82274;15.18019;14.96433;4.412217;-3.664813;-3.206635
15.11121;14.83368;12.27475;-2.008541;1.484106;-1.826036
