 0.000126; 0.001567;-0.000404;-0.004377;-0.006437;-0.007204;-0.007465;-0.007552;-0.068941
 0.000110; 0.001275; 0.001515; 0.001462; 0.001400; 0.001368; 0.001356; 0.001352;-0.093520
-0.000309;-0.004494;-0.008238;-0.009328;-0.009384;-0.009328;-0.009298;-0.009287; 0.171120
 0.000501; 0.007550; 0.015622; 0.018768; 0.019122; 0.019060; 0.019015; 0.018997;-0.294352
 0.000217; 0.002792; 0.002897; 0.000393;-0.001176;-0.001797;-0.002013;-0.002084;-0.116772
 0.000203; 0.003407; 0.004983; 0.003464; 0.002166; 0.001586; 0.001375; 0.001303;-0.067890
 0.000099; 0.002845; 0.006045; 0.006946; 0.007736; 0.008162; 0.008327; 0.008384; 0.038395
-0.000376;-0.004226;-0.006123;-0.005965;-0.005363;-0.005056;-0.004941;-0.004902; 0.329514
 0.000267; 0.003622; 0.006281; 0.006639; 0.006242; 0.005994; 0.005897; 0.005863;-0.175302
-0.000203;-0.002294;-0.004144;-0.006148;-0.007151;-0.007515;-0.007637;-0.007677; 0.179981
 0.000010; 0.000332; 0.000007;-0.000773;-0.001191;-0.001362;-0.001424;-0.001444; 0.016121
-0.000248;-0.003608;-0.006285;-0.006795;-0.006698;-0.006618;-0.006586;-0.006574; 0.149424
 0.000109; 0.002217; 0.004202; 0.004726; 0.005185; 0.005429; 0.005523; 0.005556;-0.042094
 0.000109; 0.002217; 0.004202; 0.004726; 0.005185; 0.005429; 0.005523; 0.005556;-0.042094
 0.000213; 0.002568; 0.004638; 0.005961; 0.006225; 0.006230; 0.006219; 0.006214;-0.146009
 0.000078; 0.000626; 0.004894; 0.010029; 0.012188; 0.012916; 0.013154; 0.013232;-0.134176
 0.000045;-0.000784;-0.003421;-0.005922;-0.007656;-0.008416;-0.008690;-0.008783;-0.113922
 0.000044; 0.000475; 0.002336; 0.004453; 0.005288; 0.005550; 0.005633; 0.005659;-0.066614
 0.000155; 0.002773; 0.007941; 0.012357; 0.014296; 0.014975; 0.015201; 0.015276;-0.068802
 0.000044; 0.000475; 0.002336; 0.004453; 0.005288; 0.005550; 0.005633; 0.005659;-0.066614
-0.000122;-0.002311;-0.005403;-0.005548;-0.004913;-0.004582;-0.004458;-0.004416; 0.079774
 0.000136; 0.002657; 0.003466; 0.001433; 0.000368; 0.000009;-0.000107;-0.000145;-0.022791
 0.000140; 0.002582; 0.002997; 0.001859; 0.001585; 0.001562; 0.001565; 0.001568;-0.016282
 0.000548; 0.007628; 0.012490; 0.012424; 0.011485; 0.011003; 0.010823; 0.010761;-0.387863
 0.000011; 0.000879; 0.003317; 0.006494; 0.008610; 0.009502; 0.009819; 0.009926; 0.013512
 0.000160; 0.002910; 0.005394; 0.006391; 0.007039; 0.007333; 0.007441; 0.007477;-0.023604
 0.000137; 0.002683; 0.005368; 0.005930; 0.006056; 0.006109; 0.006129; 0.006136;-0.056524
 0.000019; 0.001043; 0.002296; 0.004912; 0.007373; 0.008520; 0.008941; 0.009084; 0.060735
 0.000077; 0.001006;-0.000507;-0.002435;-0.003192;-0.003445;-0.003528;-0.003555;-0.024475
 0.000061; 0.000249; 0.000658; 0.000762; 0.000561; 0.000455; 0.000416; 0.000403;-0.090323
-0.000134;-0.002789;-0.002492; 0.000164; 0.001169; 0.001457; 0.001543; 0.001570;-0.000600
-0.000327;-0.005347;-0.009257;-0.008006;-0.006318;-0.005517;-0.005222;-0.005122; 0.165995
 0.000303; 0.004364; 0.008599; 0.010507; 0.011062; 0.011224; 0.011274; 0.011291;-0.193144
 0.000014; 0.000822;-0.000307;-0.001620;-0.001712;-0.001637;-0.001597;-0.001583; 0.029901
 0.000157; 0.001019;-0.001301;-0.004535;-0.006556;-0.007405;-0.007708;-0.007809;-0.175649
 0.000248; 0.004323; 0.010180; 0.013027; 0.013778; 0.013968; 0.014022; 0.014038;-0.141265
-0.000040;-0.000360;-0.005830;-0.012185;-0.014532;-0.015225;-0.015437;-0.015505; 0.063371
-0.000004;-0.001002;-0.005074;-0.008551;-0.009908;-0.010340;-0.010477;-0.010522;-0.032188
 0.000184; 0.002630; 0.010087; 0.016423; 0.018336; 0.018804; 0.018931; 0.018969;-0.181740
 0.000172; 0.002462;-0.002381;-0.010582;-0.014477;-0.015864;-0.016328;-0.016481;-0.044362
-0.000022; 0.000347;-0.001691;-0.004694;-0.005684;-0.005934;-0.006003;-0.006024; 0.086317
 0.000029;-0.000172;-0.001486;-0.000715; 0.000492; 0.001082; 0.001301; 0.001376;-0.029364
-0.000250;-0.002778;-0.004287;-0.004360;-0.003834;-0.003526;-0.003407;-0.003365; 0.208811
 0.000140; 0.002463; 0.007087; 0.009935; 0.010579; 0.010677; 0.010691; 0.010694;-0.093215
-0.000086;-0.000776;-0.001365;-0.000098; 0.001527; 0.002322; 0.002617; 0.002718; 0.095838
-0.000040;-0.000360;-0.005830;-0.012185;-0.014532;-0.015225;-0.015437;-0.015505; 0.063371
-0.000180;-0.002771;-0.006752;-0.008348;-0.008282;-0.008115;-0.008040;-0.008014; 0.120206
-0.000243;-0.002816;-0.005504;-0.006596;-0.006356;-0.006114;-0.006011;-0.005975; 0.211710
 0.000177; 0.003224; 0.007952; 0.009543; 0.009398; 0.009189; 0.009099; 0.009066;-0.084736
-0.000154;-0.002274;-0.004844;-0.006801;-0.007728;-0.008067;-0.008181;-0.008219; 0.107972
-0.000140;-0.001677;-0.004215;-0.006274;-0.006843;-0.006960;-0.006988;-0.006996; 0.126267
 0.000162; 0.001082;-0.000422;-0.001260;-0.001565;-0.001681;-0.001721;-0.001735;-0.138071
 0.000176; 0.002535; 0.003186; 0.001282;-0.000158;-0.000772;-0.000992;-0.001066;-0.097949
-0.000274;-0.003196;-0.003463;-0.001038; 0.000929; 0.001803; 0.002119; 0.002226; 0.205716
 0.000298; 0.004275; 0.012169; 0.017743; 0.018985; 0.019130; 0.019136; 0.019133;-0.235806
-0.000146;-0.003459;-0.006155;-0.005800;-0.005550;-0.005475;-0.005452;-0.005445; 0.008130
-0.000217;-0.003849;-0.008256;-0.011987;-0.014159;-0.015029;-0.015333;-0.015435; 0.075219
-0.000089;-0.001037;-0.002994;-0.004911;-0.005617;-0.005831;-0.005898;-0.005920; 0.073846
 0.000209; 0.002580; 0.005669; 0.007767; 0.008268; 0.008343; 0.008354; 0.008356;-0.163808
 0.000252; 0.002931; 0.003331; 0.002232; 0.001322; 0.000911; 0.000761; 0.000710;-0.214980
-0.000376;-0.004226;-0.006123;-0.005965;-0.005363;-0.005056;-0.004941;-0.004902; 0.329514
-0.000009; 0.001301; 0.002274; 0.002092; 0.002347; 0.002526; 0.002599; 0.002624; 0.106998
 0.000133; 0.002359; 0.006254; 0.008165; 0.008149; 0.007939; 0.007839; 0.007803;-0.063222
-0.000033;-0.000796; 0.001806; 0.006041; 0.007839; 0.008422; 0.008609; 0.008669;-0.009695
 0.000135; 0.001369; 0.001132; 0.001528; 0.002113; 0.002400; 0.002506; 0.002543;-0.102051
 0.000263; 0.003490; 0.006346; 0.008426; 0.009405; 0.009763; 0.009884; 0.009924;-0.206848
 0.000149; 0.001294;-0.000158;-0.002665;-0.004201;-0.004839;-0.005065;-0.005141;-0.136793
-0.000033;-0.000796; 0.001806; 0.006041; 0.007839; 0.008422; 0.008609; 0.008669;-0.009695
 0.000121; 0.001084; 0.000784;-0.002183;-0.004771;-0.005941;-0.006366;-0.006510;-0.138099
 0.000006;-0.000099;-0.000969;-0.000862;-0.000458;-0.000255;-0.000179;-0.000153; 0.002141
 0.000350; 0.004078; 0.006585; 0.007945; 0.008452; 0.008622; 0.008678; 0.008697;-0.286713
-0.000048;-0.000630;-0.004243;-0.009396;-0.012088;-0.013100;-0.013445;-0.013560; 0.063598
-0.000078;-0.001189;-0.004636;-0.008223;-0.009796;-0.010338;-0.010517;-0.010576; 0.055450
 0.000388; 0.005253; 0.010393; 0.013130; 0.014272; 0.014719; 0.014878; 0.014931;-0.251801
-0.000003;-0.000610;-0.000913;-0.000917;-0.001368;-0.001645;-0.001754;-0.001792;-0.037108
-0.000033;-0.000366;-0.006337;-0.012485;-0.014558;-0.015136;-0.015309;-0.015363; 0.081058
 0.000160; 0.002910; 0.005394; 0.006391; 0.007039; 0.007333; 0.007441; 0.007477;-0.023604
-0.000250;-0.002778;-0.004287;-0.004360;-0.003834;-0.003526;-0.003407;-0.003365; 0.208811
-0.000131;-0.002243;-0.004915;-0.006008;-0.006370;-0.006491;-0.006531;-0.006544; 0.063634
-0.000067;-0.001955;-0.005672;-0.008864;-0.010627;-0.011328;-0.011573;-0.011655;-0.017677
-0.000061;-0.001260; 0.000182; 0.003140; 0.004528; 0.005021; 0.005187; 0.005241;-0.033179
-0.000180;-0.002771;-0.006752;-0.008348;-0.008282;-0.008115;-0.008040;-0.008014; 0.120206
-0.000012;-0.000088;-0.003282;-0.008123;-0.010609;-0.011539;-0.011856;-0.011961; 0.041256
 0.000152; 0.002057; 0.002576; 0.001079;-0.000255;-0.000866;-0.001089;-0.001164;-0.079682
 0.000177; 0.002419;-0.000886;-0.006188;-0.008310;-0.008976;-0.009187;-0.009254;-0.075498
 0.000252; 0.002931; 0.003331; 0.002232; 0.001322; 0.000911; 0.000761; 0.000710;-0.214980
-0.000105;-0.000059; 0.001851; 0.002317; 0.002649; 0.002856; 0.002940; 0.002969; 0.125092
-0.000086;-0.001776;-0.005361;-0.008272;-0.009637;-0.010149;-0.010324;-0.010383; 0.019663
 0.000161; 0.001805; 0.003278; 0.004168; 0.004189; 0.004108; 0.004069; 0.004055;-0.128954
-0.000231;-0.003033;-0.005761;-0.006104;-0.005570;-0.005257;-0.005137;-0.005095; 0.177597
 0.000009; 0.000020;-0.001652;-0.002956;-0.003321;-0.003411;-0.003435;-0.003443; 0.002979
 0.000374; 0.005464; 0.013024; 0.018101; 0.019691; 0.020107; 0.020225; 0.020262;-0.263804
 0.000101; 0.001403; 0.002000; 0.001896; 0.001890; 0.001910; 0.001920; 0.001924;-0.066851
 0.000140; 0.001363; 0.002299; 0.003364; 0.003588; 0.003588; 0.003575; 0.003570;-0.114352
-0.000027;-0.000352; 0.002286; 0.007347; 0.010278; 0.011429; 0.011828; 0.011961; 0.006789
 0.000364; 0.004611; 0.009045; 0.010858; 0.010813; 0.010631; 0.010548; 0.010518;-0.292004
 0.000079; 0.001464; 0.002494; 0.002597; 0.002794; 0.002926; 0.002980; 0.002999;-0.027901
 0.000303; 0.004364; 0.008599; 0.010507; 0.011062; 0.011224; 0.011274; 0.011291;-0.193144
-0.000049; 0.000004;-0.000266; 0.000183; 0.001150; 0.001654; 0.001845; 0.001910; 0.081151
 0.000146; 0.001658; 0.001842; 0.002080; 0.002386; 0.002526; 0.002576; 0.002593;-0.097886
-0.000438;-0.006126;-0.012528;-0.016199;-0.017630;-0.018138;-0.018311;-0.018368; 0.298069
-0.000011; 0.000107;-0.001085;-0.002742;-0.003526;-0.003818;-0.003919;-0.003952; 0.060048
 0.000475; 0.006014; 0.010434; 0.012230; 0.012486; 0.012468; 0.012447; 0.012438;-0.348184
 0.000059; 0.000312; 0.006021; 0.013229; 0.016243; 0.017240; 0.017564; 0.017669;-0.133882
 0.000217; 0.002792; 0.002897; 0.000393;-0.001176;-0.001797;-0.002013;-0.002084;-0.116772
-0.000391;-0.005610;-0.009334;-0.009944;-0.010124;-0.010223;-0.010264;-0.010278; 0.244476
 0.000198; 0.001875; 0.001269;-0.000532;-0.001680;-0.002137;-0.002296;-0.002348;-0.174093
-0.000050; 0.000179; 0.003558; 0.006818; 0.008188; 0.008647; 0.008797; 0.008846; 0.067697
 0.000184; 0.002630; 0.010087; 0.016423; 0.018336; 0.018804; 0.018931; 0.018969;-0.181740
-0.000090;-0.001389;-0.005252;-0.009652;-0.011663;-0.012365;-0.012598;-0.012674; 0.081970
-0.000305;-0.003798;-0.003874;-0.002712;-0.002512;-0.002533;-0.002554;-0.002562; 0.230119
 0.000221; 0.002764; 0.006815; 0.009620; 0.010375; 0.010545; 0.010589; 0.010602;-0.182633
-0.000093;-0.002108;-0.006988;-0.012136;-0.014496;-0.015306;-0.015571;-0.015657; 0.036336
-0.000389;-0.005811;-0.009265;-0.007754;-0.006145;-0.005428;-0.005170;-0.005083; 0.222791
-0.000072;-0.000150; 0.000376; 0.000533; 0.000708; 0.000800; 0.000835; 0.000847; 0.098560
 0.000205; 0.002753; 0.004954; 0.004701; 0.003891; 0.003484; 0.003332; 0.003281;-0.147741
-0.000391;-0.005041;-0.009440;-0.010228;-0.009477;-0.008999;-0.008812;-0.008746; 0.303634
 0.000248; 0.002914; 0.006026; 0.007319; 0.007120; 0.006897; 0.006803; 0.006769;-0.208133
-0.000321;-0.003819;-0.006898;-0.007887;-0.007588;-0.007330;-0.007222;-0.007185; 0.263835
-0.000423;-0.006396;-0.013255;-0.016058;-0.016268;-0.016132;-0.016057;-0.016029; 0.272719
-0.000018;-0.000348;-0.000421; 0.000165; 0.000707; 0.000965; 0.001060; 0.001093; 0.012270
 0.000308; 0.004205; 0.005561; 0.003556; 0.001927; 0.001222; 0.000969; 0.000884;-0.219331
 0.000099; 0.002845; 0.006045; 0.006946; 0.007736; 0.008162; 0.008327; 0.008384; 0.038395
-0.000049; 0.000004;-0.000266; 0.000183; 0.001150; 0.001654; 0.001845; 0.001910; 0.081151
 0.000290; 0.004185; 0.006029; 0.004236; 0.002720; 0.002064; 0.001829; 0.001750;-0.174411
 0.000059; 0.000312; 0.006021; 0.013229; 0.016243; 0.017240; 0.017564; 0.017669;-0.133882
 0.000075; 0.000650; 0.004987; 0.010261; 0.012318; 0.012950; 0.013147; 0.013210;-0.103069
-0.000248;-0.003608;-0.006285;-0.006795;-0.006698;-0.006618;-0.006586;-0.006574; 0.149424
 0.000271; 0.003566; 0.006252; 0.006244; 0.005549; 0.005182; 0.005043; 0.004996;-0.185444
-0.000131;-0.002243;-0.004915;-0.006008;-0.006370;-0.006491;-0.006531;-0.006544; 0.063634
 0.000023; 0.000131;-0.003198;-0.006976;-0.008493;-0.008983;-0.009140;-0.009191;-0.013755
-0.000190;-0.002377;-0.003411;-0.002856;-0.002198;-0.001891;-0.001778;-0.001740; 0.145148
 0.000136; 0.002657; 0.003466; 0.001433; 0.000368; 0.000009;-0.000107;-0.000145;-0.022791
-0.000055;-0.000801;-0.001142; 0.000279; 0.001387; 0.001846; 0.002008; 0.002062; 0.037926
-0.000170;-0.003598;-0.006195;-0.005680;-0.005131;-0.004887;-0.004798;-0.004768; 0.016276
-0.000122;-0.002311;-0.005403;-0.005548;-0.004913;-0.004582;-0.004458;-0.004416; 0.079774
-0.000206;-0.003541;-0.008705;-0.011956;-0.012977;-0.013255;-0.013337;-0.013363; 0.099129
-0.000272;-0.004184;-0.010478;-0.015861;-0.018304;-0.019180;-0.019475;-0.019572; 0.161290
-0.000079;-0.000254;-0.000776;-0.001942;-0.002142;-0.002113;-0.002088;-0.002078; 0.086322
-0.000090;-0.001389;-0.005252;-0.009652;-0.011663;-0.012365;-0.012598;-0.012674; 0.081970
 0.000221; 0.002764; 0.006815; 0.009620; 0.010375; 0.010545; 0.010589; 0.010602;-0.182633
 0.000043; 0.000658; 0.003759; 0.006522; 0.007349; 0.007552; 0.007608; 0.007625;-0.051494
 0.000257; 0.003241; 0.005120; 0.004841; 0.004276; 0.004013; 0.003918; 0.003886;-0.176320
 0.000198; 0.001875; 0.001269;-0.000532;-0.001680;-0.002137;-0.002296;-0.002348;-0.174093
-0.000079;-0.000254;-0.000776;-0.001942;-0.002142;-0.002113;-0.002088;-0.002078; 0.086322
-0.000203;-0.002294;-0.004144;-0.006148;-0.007151;-0.007515;-0.007637;-0.007677; 0.179981
-0.000077;-0.001050;-0.006538;-0.011972;-0.013709;-0.014147;-0.014267;-0.014304; 0.107291
-0.000003;-0.000610;-0.000913;-0.000917;-0.001368;-0.001645;-0.001754;-0.001792;-0.037108
 0.000144; 0.002012; 0.006034; 0.010444; 0.012512; 0.013254; 0.013503; 0.013585;-0.086051
-0.000146;-0.002156;-0.000987; 0.002342; 0.004093; 0.004751; 0.004975; 0.005050; 0.071338
-0.000117;-0.002269;-0.003988;-0.003008;-0.002146;-0.001796;-0.001674;-0.001633; 0.035275
-0.000012; 0.000530;-0.002123;-0.006879;-0.009063;-0.009815;-0.010063;-0.010145; 0.069390
 0.000020;-0.000758;-0.005474;-0.010306;-0.012511;-0.013283;-0.013539;-0.013623;-0.081359
-0.000222;-0.002533;-0.000743; 0.003594; 0.005737; 0.006479; 0.006722; 0.006801; 0.173921
 0.000026; 0.000417; 0.001510; 0.002974; 0.003779; 0.004091; 0.004199; 0.004234;-0.031026
 0.000031;-0.000115;-0.002444;-0.004280;-0.004767;-0.004856;-0.004874;-0.004878;-0.029199
 0.000217; 0.002792; 0.002897; 0.000393;-0.001176;-0.001797;-0.002013;-0.002084;-0.116772
-0.000003;-0.000610;-0.000913;-0.000917;-0.001368;-0.001645;-0.001754;-0.001792;-0.037108
 0.000006;-0.000099;-0.000969;-0.000862;-0.000458;-0.000255;-0.000179;-0.000153; 0.002141
 0.000271; 0.003849; 0.007151; 0.007067; 0.005996; 0.005421; 0.005203; 0.005129;-0.182546
-0.000039;-0.000311;-0.000206; 0.000341; 0.000730; 0.000889; 0.000944; 0.000962; 0.035796
-0.000347;-0.003937;-0.007765;-0.010943;-0.012079;-0.012397;-0.012491;-0.012520; 0.292604
 0.000140; 0.002582; 0.002997; 0.001859; 0.001585; 0.001562; 0.001565; 0.001568;-0.016282
-0.000131;-0.002243;-0.004915;-0.006008;-0.006370;-0.006491;-0.006531;-0.006544; 0.063634
-0.000284;-0.004481;-0.006273;-0.005459;-0.005160;-0.005101;-0.005088;-0.005085; 0.117571
 0.000425; 0.006347; 0.010541; 0.011874; 0.012696; 0.013085; 0.013231; 0.013281;-0.254975
 0.000030; 0.000078;-0.001623;-0.003145;-0.003715;-0.003901;-0.003961;-0.003981;-0.039860
 0.000063; 0.001393; 0.003408; 0.004197; 0.004331; 0.004346; 0.004347; 0.004347; 0.003276
-0.000017;-0.000264;-0.000190;-0.000265;-0.000406;-0.000468;-0.000490;-0.000497;-0.007799
-0.000093;-0.002108;-0.006988;-0.012136;-0.014496;-0.015306;-0.015571;-0.015657; 0.036336
 0.000177; 0.002789; 0.005772; 0.005112; 0.003653; 0.002918; 0.002644; 0.002550;-0.115906
-0.000115;-0.002146;-0.005512;-0.008597;-0.010224;-0.010853;-0.011070;-0.011143; 0.042091
 0.000476; 0.006693; 0.010687; 0.009996; 0.008776; 0.008191; 0.007976; 0.007903;-0.296075
 0.000072; 0.001462; 0.003445; 0.002710; 0.001286; 0.000550; 0.000272; 0.000177;-0.029973
 0.000210; 0.002301; 0.005383; 0.006646; 0.006190; 0.005821; 0.005670; 0.005617;-0.203836
 0.000267; 0.003622; 0.006281; 0.006639; 0.006242; 0.005994; 0.005897; 0.005863;-0.175302
 0.000063; 0.000294; 0.002061; 0.004597; 0.005509; 0.005761; 0.005835; 0.005858;-0.087799
 0.000204; 0.001493; 0.001755; 0.002065; 0.002087; 0.002080; 0.002077; 0.002075;-0.238565
-0.000022; 0.000347;-0.001691;-0.004694;-0.005684;-0.005934;-0.006003;-0.006024; 0.086317
 0.000073; 0.001538; 0.001305; 0.001184; 0.001923; 0.002361; 0.002531; 0.002590; 0.006097
-0.000008;-0.000841;-0.007130;-0.013267;-0.015578;-0.016293;-0.016518;-0.016590;-0.008910
-0.000260;-0.003778;-0.010513;-0.015269;-0.016252;-0.016328;-0.016314;-0.016305; 0.211420
 0.000140; 0.002582; 0.002997; 0.001859; 0.001585; 0.001562; 0.001565; 0.001568;-0.016282
 0.000107; 0.001653; 0.004147; 0.004501; 0.003787; 0.003356; 0.003188; 0.003130;-0.104093
-0.000434;-0.005799;-0.009105;-0.008979;-0.008162;-0.007721;-0.007553;-0.007496; 0.289994
-0.000222;-0.003200;-0.002802; 0.000527; 0.002350; 0.003028; 0.003258; 0.003334; 0.106599
 0.000177; 0.003224; 0.007952; 0.009543; 0.009398; 0.009189; 0.009099; 0.009066;-0.084736
-0.000352;-0.005313;-0.009476;-0.010258;-0.010248;-0.010217;-0.010206;-0.010202; 0.217836
-0.000004;-0.000699; 0.000259; 0.001683; 0.001848; 0.001798; 0.001767; 0.001755;-0.062631
-0.000102;-0.002089;-0.003804;-0.003011;-0.002235;-0.001907;-0.001792;-0.001754; 0.040132
 0.000075; 0.000650; 0.004987; 0.010261; 0.012318; 0.012950; 0.013147; 0.013210;-0.103069
 0.000416; 0.005109; 0.008557; 0.008310; 0.007057; 0.006396; 0.006146; 0.006060;-0.330358
 0.000076; 0.001829; 0.004023; 0.003814; 0.003302; 0.003063; 0.002976; 0.002946; 0.002033
 0.000187; 0.002556; 0.008249; 0.012358; 0.013488; 0.013764; 0.013841; 0.013864;-0.175057
 0.000127; 0.000941; 0.001655; 0.002057; 0.001914; 0.001806; 0.001763; 0.001748;-0.140118
-0.000136;-0.002456;-0.006737;-0.007915;-0.007372;-0.006977;-0.006818;-0.006763; 0.095103
-0.000009; 0.001301; 0.002274; 0.002092; 0.002347; 0.002526; 0.002599; 0.002624; 0.106998
 0.000158; 0.001940; 0.002134; 0.000309;-0.001048;-0.001623;-0.001827;-0.001896;-0.119206
 0.000161; 0.001805; 0.003278; 0.004168; 0.004189; 0.004108; 0.004069; 0.004055;-0.128954
-0.000236;-0.004103;-0.011259;-0.015485;-0.016557;-0.016788;-0.016846;-0.016863; 0.149029
-0.000106;-0.001009;-0.000259; 0.002290; 0.004320; 0.005234; 0.005566; 0.005679; 0.096941
-0.000445;-0.005719;-0.010068;-0.010864;-0.010180;-0.009737;-0.009562;-0.009501; 0.335201
-0.000284;-0.004481;-0.006273;-0.005459;-0.005160;-0.005101;-0.005088;-0.005085; 0.117571
-0.000180;-0.002771;-0.006752;-0.008348;-0.008282;-0.008115;-0.008040;-0.008014; 0.120206
 0.000087; 0.000410;-0.001206;-0.002879;-0.003635;-0.003890;-0.003973;-0.004000;-0.116324
-0.000247;-0.003528;-0.006711;-0.008208;-0.008498;-0.008515;-0.008508;-0.008504; 0.154164
 0.000221; 0.002764; 0.006815; 0.009620; 0.010375; 0.010545; 0.010589; 0.010602;-0.182633
-0.000103;-0.001079;-0.003352;-0.005082;-0.005196;-0.005082;-0.005022;-0.005000; 0.111605
 0.000188; 0.002121; 0.001382;-0.000882;-0.002057;-0.002477;-0.002616;-0.002662;-0.137594
-0.000147;-0.001664;-0.002907;-0.002818;-0.002166;-0.001810;-0.001674;-0.001627; 0.146216
-0.000028;-0.000528;-0.001117;-0.001340;-0.001213;-0.001107;-0.001063;-0.001048; 0.000296
 0.000114; 0.000752;-0.000403;-0.001638;-0.002318;-0.002588;-0.002681;-0.002713;-0.128370
 0.000030; 0.000078;-0.001623;-0.003145;-0.003715;-0.003901;-0.003961;-0.003981;-0.039860
 0.000155; 0.002773; 0.007941; 0.012357; 0.014296; 0.014975; 0.015201; 0.015276;-0.068802
 0.000164; 0.002483; 0.007995; 0.013276; 0.015529; 0.016295; 0.016546; 0.016628;-0.104838
 0.000061; 0.000249; 0.000658; 0.000762; 0.000561; 0.000455; 0.000416; 0.000403;-0.090323
 0.000313; 0.004506; 0.008389; 0.008933; 0.008372; 0.008018; 0.007879; 0.007831;-0.197610
-0.000172;-0.002677;-0.008799;-0.013677;-0.015356;-0.015854;-0.016007;-0.016056; 0.128103
-0.000146;-0.002156;-0.000987; 0.002342; 0.004093; 0.004751; 0.004975; 0.005050; 0.071338
 0.000063; 0.000294; 0.002061; 0.004597; 0.005509; 0.005761; 0.005835; 0.005858;-0.087799
-0.000126;-0.001975;-0.007326;-0.012119;-0.013879;-0.014416;-0.014583;-0.014637; 0.109457
-0.000011; 0.000107;-0.001085;-0.002742;-0.003526;-0.003818;-0.003919;-0.003952; 0.060048
 0.000051; 0.000514; 0.002955; 0.006119; 0.007493; 0.007950; 0.008098; 0.008146;-0.063602
-0.000197;-0.001973;-0.003800;-0.004357;-0.003902;-0.003593;-0.003469;-0.003426; 0.187824
-0.000213;-0.002829;-0.004236;-0.004032;-0.003657;-0.003474;-0.003406;-0.003383; 0.108344
 0.000298; 0.004275; 0.012169; 0.017743; 0.018985; 0.019130; 0.019136; 0.019133;-0.235806
-0.000079;-0.000254;-0.000776;-0.001942;-0.002142;-0.002113;-0.002088;-0.002078; 0.086322
 0.000400; 0.005705; 0.013452; 0.018142; 0.019172; 0.019305; 0.019318; 0.019318;-0.275960
-0.000027;-0.000352; 0.002286; 0.007347; 0.010278; 0.011429; 0.011828; 0.011961; 0.006789
 0.000069; 0.000931; 0.002242; 0.002202; 0.001756; 0.001529; 0.001445; 0.001417;-0.059583
-0.000022; 0.000347;-0.001691;-0.004694;-0.005684;-0.005934;-0.006003;-0.006024; 0.086317
 0.000075; 0.000650; 0.004987; 0.010261; 0.012318; 0.012950; 0.013147; 0.013210;-0.103069
-0.000222;-0.002533;-0.000743; 0.003594; 0.005737; 0.006479; 0.006722; 0.006801; 0.173921
-0.000017;-0.000264;-0.000190;-0.000265;-0.000406;-0.000468;-0.000490;-0.000497;-0.007799
 0.000110; 0.001275; 0.001515; 0.001462; 0.001400; 0.001368; 0.001356; 0.001352;-0.093520
 0.000133; 0.001781; 0.005062; 0.006932; 0.007321; 0.007398; 0.007418; 0.007423;-0.114899
-0.000052;-0.000909;-0.003475;-0.006209;-0.007473;-0.007925;-0.008076;-0.008126; 0.036463
 0.000346; 0.004326; 0.008864; 0.010947; 0.010989; 0.010816; 0.010733; 0.010703;-0.279197
-0.000089;-0.001037;-0.002994;-0.004911;-0.005617;-0.005831;-0.005898;-0.005920; 0.073846
-0.000122;-0.002311;-0.005403;-0.005548;-0.004913;-0.004582;-0.004458;-0.004416; 0.079774
 0.000123; 0.000903; 0.005629; 0.010586; 0.012048; 0.012379; 0.012463; 0.012487;-0.161532
-0.000039;-0.000311;-0.000206; 0.000341; 0.000730; 0.000889; 0.000944; 0.000962; 0.035796
-0.000238;-0.002492;-0.004456;-0.005497;-0.005431;-0.005282;-0.005215;-0.005190; 0.205069
-0.000172;-0.002677;-0.008799;-0.013677;-0.015356;-0.015854;-0.016007;-0.016056; 0.128103
 0.000044; 0.000704; 0.004240; 0.008077; 0.009585; 0.010053; 0.010200; 0.010247;-0.040915
-0.000492;-0.007163;-0.010801;-0.009164;-0.007334;-0.006474;-0.006158;-0.006051; 0.274536
-0.000274;-0.003196;-0.003463;-0.001038; 0.000929; 0.001803; 0.002119; 0.002226; 0.205716
 0.000206; 0.004307; 0.010006; 0.012620; 0.013616; 0.013983; 0.014109; 0.014151;-0.054179
 0.000128; 0.003006; 0.010833; 0.017570; 0.020508; 0.021543; 0.021889; 0.022003;-0.043031
-0.000133;-0.002333;-0.003620;-0.002998;-0.002518;-0.002325;-0.002258;-0.002236; 0.040948
-0.000309;-0.004786;-0.009134;-0.009659;-0.008939;-0.008504;-0.008334;-0.008276; 0.159039
 0.000303; 0.004364; 0.008599; 0.010507; 0.011062; 0.011224; 0.011274; 0.011291;-0.193144
 0.000031;-0.000115;-0.002444;-0.004280;-0.004767;-0.004856;-0.004874;-0.004878;-0.029199
 0.000166; 0.001516; 0.001706; 0.001767; 0.001584; 0.001456; 0.001404; 0.001385;-0.159920
 0.000379; 0.004936; 0.008866; 0.010717; 0.011113; 0.011163; 0.011168; 0.011168;-0.296612
-0.000248;-0.003608;-0.006285;-0.006795;-0.006698;-0.006618;-0.006586;-0.006574; 0.149424
-0.000232;-0.002839;-0.004477;-0.004505;-0.004132;-0.003930;-0.003853;-0.003826; 0.162112
 0.000198; 0.001875; 0.001269;-0.000532;-0.001680;-0.002137;-0.002296;-0.002348;-0.174093
 0.000107; 0.001082; 0.001561; 0.001531; 0.001381; 0.001318; 0.001298; 0.001291;-0.085725
-0.000055;-0.000801;-0.001142; 0.000279; 0.001387; 0.001846; 0.002008; 0.002062; 0.037926
-0.000322;-0.004691;-0.008339;-0.008390;-0.007504;-0.007014;-0.006825;-0.006761; 0.200185
 0.000400; 0.005705; 0.013452; 0.018142; 0.019172; 0.019305; 0.019318; 0.019318;-0.275960
 0.000374; 0.005464; 0.013024; 0.018101; 0.019691; 0.020107; 0.020225; 0.020262;-0.263804
-0.000217;-0.003849;-0.008256;-0.011987;-0.014159;-0.015029;-0.015333;-0.015435; 0.075219
-0.000352;-0.005313;-0.009476;-0.010258;-0.010248;-0.010217;-0.010206;-0.010202; 0.217836
-0.000160;-0.002752;-0.010362;-0.016599;-0.018776;-0.019426;-0.019627;-0.019692; 0.113016
-0.000212;-0.002761;-0.004398;-0.005927;-0.006789;-0.007104;-0.007208;-0.007242; 0.152992
-0.000090;-0.001389;-0.005252;-0.009652;-0.011663;-0.012365;-0.012598;-0.012674; 0.081970
-0.000108;-0.000678;-0.002145;-0.005217;-0.006758;-0.007305;-0.007487;-0.007547; 0.145522
 0.000041; 0.000687; 0.002764; 0.002818; 0.001990; 0.001543; 0.001374; 0.001316;-0.026358
-0.000182;-0.002960;-0.010408;-0.015572;-0.016612;-0.016704;-0.016696;-0.016689; 0.148136
-0.000147;-0.002155;-0.004283;-0.005830;-0.006609;-0.006907;-0.007010;-0.007045; 0.083770
 0.000064; 0.000932; 0.001254; 0.000419;-0.000285;-0.000597;-0.000711;-0.000749;-0.042053
 0.000311; 0.004944; 0.011240; 0.017052; 0.020216; 0.021457; 0.021889; 0.022033;-0.169724
-0.000389;-0.005281;-0.007622;-0.006499;-0.005430;-0.004954;-0.004781;-0.004723; 0.247802
-0.000071;-0.000598;-0.003682;-0.006337;-0.006689;-0.006612;-0.006558;-0.006536; 0.101286
-0.000352;-0.005313;-0.009476;-0.010258;-0.010248;-0.010217;-0.010206;-0.010202; 0.217836
-0.000063;-0.000995;-0.004438;-0.007227;-0.007863;-0.007946;-0.007954;-0.007954; 0.071630
 0.000140; 0.001363; 0.002299; 0.003364; 0.003588; 0.003588; 0.003575; 0.003570;-0.114352
 0.000018; 0.000231; 0.001062; 0.002592; 0.003491; 0.003841; 0.003963; 0.004003;-0.009696
 0.000161; 0.001805; 0.003278; 0.004168; 0.004189; 0.004108; 0.004069; 0.004055;-0.128954
 0.000033; 0.001358; 0.002234; 0.001630; 0.001482; 0.001481; 0.001488; 0.001492; 0.045030
 0.000195; 0.003730; 0.012201; 0.019530; 0.022536; 0.023537; 0.023862; 0.023968;-0.090800
-0.000045;-0.000559;-0.003609;-0.006501;-0.007456;-0.007723;-0.007803;-0.007829; 0.069471
-0.000134;-0.002050;-0.001858; 0.000432; 0.001576; 0.001963; 0.002088; 0.002129; 0.066997
-0.000195;-0.002666;-0.003899;-0.003006;-0.002185;-0.001834;-0.001710;-0.001668; 0.123053
 0.000140; 0.002582; 0.002997; 0.001859; 0.001585; 0.001562; 0.001565; 0.001568;-0.016282
 0.000036;-0.000140; 0.000566; 0.000791; 0.000447; 0.000249; 0.000174; 0.000148;-0.076450
 0.000310; 0.004652; 0.007129; 0.006911; 0.006504; 0.006296; 0.006217; 0.006190;-0.170551
-0.000117;-0.002269;-0.003988;-0.003008;-0.002146;-0.001796;-0.001674;-0.001633; 0.035275
-0.000064;-0.001657;-0.006371;-0.010601;-0.012387;-0.012988;-0.013184;-0.013248; 0.014886
-0.000098;-0.001217;-0.003657;-0.005193;-0.005301;-0.005212;-0.005165;-0.005147; 0.086029
 0.000198; 0.002881; 0.004690; 0.003720; 0.002703; 0.002251; 0.002088; 0.002033;-0.130694
 0.000161; 0.001213;-0.000644;-0.005464;-0.009039;-0.010603;-0.011168;-0.011358;-0.168333
 0.000044; 0.000475; 0.002336; 0.004453; 0.005288; 0.005550; 0.005633; 0.005659;-0.066614
-0.000041; 0.000554; 0.000771;-0.000721;-0.001376;-0.001567;-0.001624;-0.001642; 0.109092
-0.000232;-0.003508;-0.006618;-0.007164;-0.006823;-0.006597;-0.006508;-0.006478; 0.144959
-0.000105;-0.000059; 0.001851; 0.002317; 0.002649; 0.002856; 0.002940; 0.002969; 0.125092
-0.000041; 0.000554; 0.000771;-0.000721;-0.001376;-0.001567;-0.001624;-0.001642; 0.109092
 0.000205; 0.002753; 0.004954; 0.004701; 0.003891; 0.003484; 0.003332; 0.003281;-0.147741
-0.000010; 0.000581;-0.002123;-0.006023;-0.007491;-0.007938;-0.008077;-0.008122; 0.100567
 0.000201; 0.002321; 0.006983; 0.010111; 0.010502; 0.010424; 0.010368; 0.010347;-0.193799
-0.000406;-0.005867;-0.009737;-0.008436;-0.006638;-0.005797;-0.005490;-0.005385; 0.276865
 0.000137; 0.002683; 0.005368; 0.005930; 0.006056; 0.006109; 0.006129; 0.006136;-0.056524
-0.000098;-0.001217;-0.003657;-0.005193;-0.005301;-0.005212;-0.005165;-0.005147; 0.086029
 0.000033; 0.001358; 0.002234; 0.001630; 0.001482; 0.001481; 0.001488; 0.001492; 0.045030
-0.000150;-0.002426;-0.003346;-0.001773;-0.000566;-0.000053; 0.000130; 0.000192; 0.087295
 0.000263; 0.003480; 0.005734; 0.004250; 0.002383; 0.001492; 0.001164; 0.001052;-0.177895
 0.000117; 0.001521; 0.001702; 0.001422; 0.001540; 0.001645; 0.001689; 0.001705;-0.055668
-0.000376;-0.004226;-0.006123;-0.005965;-0.005363;-0.005056;-0.004941;-0.004902; 0.329514
 0.000476; 0.006693; 0.010687; 0.009996; 0.008776; 0.008191; 0.007976; 0.007903;-0.296075
 0.000043; 0.000658; 0.003759; 0.006522; 0.007349; 0.007552; 0.007608; 0.007625;-0.051494
 0.000187; 0.002556; 0.008249; 0.012358; 0.013488; 0.013764; 0.013841; 0.013864;-0.175057
-0.000309;-0.004786;-0.009134;-0.009659;-0.008939;-0.008504;-0.008334;-0.008276; 0.159039
 0.000018; 0.000030; 0.002240; 0.005232; 0.006455; 0.006844; 0.006968; 0.007008;-0.043868
-0.000216;-0.002223;-0.003943;-0.003518;-0.002377;-0.001799;-0.001584;-0.001510; 0.201775
-0.000004;-0.001002;-0.005074;-0.008551;-0.009908;-0.010340;-0.010477;-0.010522;-0.032188
-0.000146;-0.002156;-0.000987; 0.002342; 0.004093; 0.004751; 0.004975; 0.005050; 0.071338
-0.000022;-0.000815;-0.000129; 0.000784; 0.000653; 0.000482; 0.000408; 0.000382;-0.029931
 0.000014;-0.000356;-0.000059;-0.000437;-0.001370;-0.001866;-0.002055;-0.002119;-0.064792
-0.000226;-0.002788;-0.004925;-0.005389;-0.004888;-0.004547;-0.004410;-0.004362; 0.154854
-0.000213;-0.002829;-0.004236;-0.004032;-0.003657;-0.003474;-0.003406;-0.003383; 0.108344
 0.000093; 0.001341; 0.000534;-0.003052;-0.005218;-0.006052;-0.006337;-0.006432;-0.036981
-0.000093;-0.002108;-0.006988;-0.012136;-0.014496;-0.015306;-0.015571;-0.015657; 0.036336
 0.000006;-0.000099;-0.000969;-0.000862;-0.000458;-0.000255;-0.000179;-0.000153; 0.002141
-0.000050;-0.000112;-0.000560;-0.000767;-0.000351;-0.000083; 0.000023; 0.000060; 0.069890
 0.000013;-0.000050; 0.001960; 0.005738; 0.007764; 0.008526; 0.008786; 0.008872;-0.034244
 0.000204; 0.001493; 0.001755; 0.002065; 0.002087; 0.002080; 0.002077; 0.002075;-0.238565
-0.000309;-0.004494;-0.008238;-0.009328;-0.009384;-0.009328;-0.009298;-0.009287; 0.171120
 0.000310; 0.004652; 0.007129; 0.006911; 0.006504; 0.006296; 0.006217; 0.006190;-0.170551
-0.000063;-0.000995;-0.004438;-0.007227;-0.007863;-0.007946;-0.007954;-0.007954; 0.071630
 0.000278; 0.004143; 0.006270; 0.004226; 0.002369; 0.001558; 0.001268; 0.001170;-0.156878
-0.000197;-0.001973;-0.003800;-0.004357;-0.003902;-0.003593;-0.003469;-0.003426; 0.187824
-0.000260;-0.003778;-0.010513;-0.015269;-0.016252;-0.016328;-0.016314;-0.016305; 0.211420
-0.000376;-0.004226;-0.006123;-0.005965;-0.005363;-0.005056;-0.004941;-0.004902; 0.329514
 0.000176; 0.002535; 0.003186; 0.001282;-0.000158;-0.000772;-0.000992;-0.001066;-0.097949
 0.000272; 0.004547; 0.006164; 0.004435; 0.003391; 0.002988; 0.002849; 0.002803;-0.094256
-0.000072;-0.000150; 0.000376; 0.000533; 0.000708; 0.000800; 0.000835; 0.000847; 0.098560
-0.000225;-0.004602;-0.009597;-0.011064;-0.011524;-0.011697;-0.011758;-0.011778; 0.056355
 0.000022; 0.000189; 0.001306; 0.003046; 0.003597; 0.003693; 0.003708; 0.003712;-0.062495
-0.000322;-0.004691;-0.008339;-0.008390;-0.007504;-0.007014;-0.006825;-0.006761; 0.200185
-0.000104;-0.001751;-0.000456; 0.002934; 0.004554; 0.005116; 0.005301; 0.005361; 0.017772
-0.000389;-0.005281;-0.007622;-0.006499;-0.005430;-0.004954;-0.004781;-0.004723; 0.247802
-0.000389;-0.005811;-0.009265;-0.007754;-0.006145;-0.005428;-0.005170;-0.005083; 0.222791
-0.000020;-0.000528;-0.001255;-0.000555; 0.000439; 0.000942; 0.001132; 0.001197; 0.000321
-0.000285;-0.002843;-0.001311; 0.001345; 0.002861; 0.003476; 0.003693; 0.003766; 0.238810
-0.000253;-0.003699;-0.006570;-0.006930;-0.006570;-0.006344;-0.006255;-0.006224; 0.146265
 0.000263; 0.003480; 0.005734; 0.004250; 0.002383; 0.001492; 0.001164; 0.001052;-0.177895
 0.000136; 0.002657; 0.003466; 0.001433; 0.000368; 0.000009;-0.000107;-0.000145;-0.022791
 0.000290; 0.004185; 0.006029; 0.004236; 0.002720; 0.002064; 0.001829; 0.001750;-0.174411
 0.000045;-0.000784;-0.003421;-0.005922;-0.007656;-0.008416;-0.008690;-0.008783;-0.113922
-0.000383;-0.005924;-0.012237;-0.016637;-0.018895;-0.019788;-0.020102;-0.020207; 0.207931
 0.000081; 0.000816; 0.004048; 0.007823; 0.009371; 0.009871; 0.010030; 0.010082;-0.100437
 0.000036;-0.000140; 0.000566; 0.000791; 0.000447; 0.000249; 0.000174; 0.000148;-0.076450
 0.000267; 0.003622; 0.006281; 0.006639; 0.006242; 0.005994; 0.005897; 0.005863;-0.175302
-0.000106;-0.000740;-0.002493;-0.005527;-0.006750;-0.007100;-0.007203;-0.007235; 0.125140
-0.000216;-0.002223;-0.003943;-0.003518;-0.002377;-0.001799;-0.001584;-0.001510; 0.201775
 0.000014;-0.000356;-0.000059;-0.000437;-0.001370;-0.001866;-0.002055;-0.002119;-0.064792
-0.000023; 0.000135; 0.002089; 0.005407; 0.007494; 0.008339; 0.008635; 0.008734; 0.037596
 0.000290; 0.004185; 0.006029; 0.004236; 0.002720; 0.002064; 0.001829; 0.001750;-0.174411
-0.000309;-0.004494;-0.008238;-0.009328;-0.009384;-0.009328;-0.009298;-0.009287; 0.171120
 0.000364; 0.004611; 0.009045; 0.010858; 0.010813; 0.010631; 0.010548; 0.010518;-0.292004
-0.000451;-0.006566;-0.014865;-0.019963;-0.021222;-0.021443;-0.021485;-0.021495; 0.315440
-0.000018;-0.000348;-0.000421; 0.000165; 0.000707; 0.000965; 0.001060; 0.001093; 0.012270
-0.000406;-0.005867;-0.009737;-0.008436;-0.006638;-0.005797;-0.005490;-0.005385; 0.276865
 0.000025; 0.001102; 0.001523; 0.000474;-0.000048;-0.000229;-0.000289;-0.000309; 0.051719
 0.000177; 0.002419;-0.000886;-0.006188;-0.008310;-0.008976;-0.009187;-0.009254;-0.075498
 0.000476; 0.006693; 0.010687; 0.009996; 0.008776; 0.008191; 0.007976; 0.007903;-0.296075
 0.000203; 0.003407; 0.004983; 0.003464; 0.002166; 0.001586; 0.001375; 0.001303;-0.067890
-0.000054;-0.000924; 0.001540; 0.004793; 0.005714; 0.005892; 0.005930; 0.005940; 0.011973
-0.000098;-0.000352;-0.000302;-0.000765;-0.000797;-0.000761;-0.000743;-0.000736; 0.156314
-0.000389;-0.005811;-0.009265;-0.007754;-0.006145;-0.005428;-0.005170;-0.005083; 0.222791
-0.000020;-0.000528;-0.001255;-0.000555; 0.000439; 0.000942; 0.001132; 0.001197; 0.000321
 0.000006;-0.000099;-0.000969;-0.000862;-0.000458;-0.000255;-0.000179;-0.000153; 0.002141
-0.000077;-0.001050;-0.006538;-0.011972;-0.013709;-0.014147;-0.014267;-0.014304; 0.107291
-0.000168;-0.001094;-0.002106;-0.004510;-0.005654;-0.006040;-0.006166;-0.006207; 0.196915
 0.000072; 0.000970; 0.003632; 0.006758; 0.008061; 0.008484; 0.008620; 0.008664;-0.035680
 0.000135; 0.001369; 0.001132; 0.001528; 0.002113; 0.002400; 0.002506; 0.002543;-0.102051
-0.000217;-0.003849;-0.008256;-0.011987;-0.014159;-0.015029;-0.015333;-0.015435; 0.075219
 0.000125; 0.002091; 0.008118; 0.012279; 0.013164; 0.013288; 0.013304; 0.013307;-0.116752
 0.000018; 0.000030; 0.002240; 0.005232; 0.006455; 0.006844; 0.006968; 0.007008;-0.043868
-0.000195;-0.002666;-0.003899;-0.003006;-0.002185;-0.001834;-0.001710;-0.001668; 0.123053
-0.000040;-0.000360;-0.005830;-0.012185;-0.014532;-0.015225;-0.015437;-0.015505; 0.063371
-0.000329;-0.004912;-0.008527;-0.009642;-0.010147;-0.010368;-0.010450;-0.010478; 0.199780
-0.000150;-0.002426;-0.003346;-0.001773;-0.000566;-0.000053; 0.000130; 0.000192; 0.087295
 0.000326; 0.003955; 0.008260; 0.009865; 0.009457; 0.009082; 0.008926; 0.008871;-0.279844
 0.000152; 0.002057; 0.002576; 0.001079;-0.000255;-0.000866;-0.001089;-0.001164;-0.079682
 0.000245; 0.003678; 0.007149; 0.008914; 0.009308; 0.009349; 0.009348; 0.009345;-0.127667
-0.000098;-0.001217;-0.003657;-0.005193;-0.005301;-0.005212;-0.005165;-0.005147; 0.086029
 0.000110; 0.001275; 0.001515; 0.001462; 0.001400; 0.001368; 0.001356; 0.001352;-0.093520
 0.000310; 0.004652; 0.007129; 0.006911; 0.006504; 0.006296; 0.006217; 0.006190;-0.170551
-0.000230;-0.002616;-0.004211;-0.004217;-0.003494;-0.003085;-0.002927;-0.002873; 0.198605
 0.000063; 0.001393; 0.003408; 0.004197; 0.004331; 0.004346; 0.004347; 0.004347; 0.003276
-0.000134;-0.002789;-0.002492; 0.000164; 0.001169; 0.001457; 0.001543; 0.001570;-0.000600
-0.000017;-0.000264;-0.000190;-0.000265;-0.000406;-0.000468;-0.000490;-0.000497;-0.007799
-0.000004;-0.000699; 0.000259; 0.001683; 0.001848; 0.001798; 0.001767; 0.001755;-0.062631
-0.000077;-0.001050;-0.006538;-0.011972;-0.013709;-0.014147;-0.014267;-0.014304; 0.107291
-0.000110;-0.001932; 0.000392; 0.004126; 0.005346; 0.005659; 0.005746; 0.005773; 0.023864
 0.000072; 0.001462; 0.003445; 0.002710; 0.001286; 0.000550; 0.000272; 0.000177;-0.029973
 0.000045; 0.000455; 0.003862; 0.007793; 0.009466; 0.010039; 0.010228; 0.010291;-0.057274
 0.000416; 0.005109; 0.008557; 0.008310; 0.007057; 0.006396; 0.006146; 0.006060;-0.330358
 0.000079; 0.001528; 0.002811; 0.003494; 0.003886; 0.004041; 0.004095; 0.004112;-0.028525
 0.000128; 0.001781;-0.000667;-0.005345;-0.007509;-0.008244;-0.008483;-0.008561;-0.060238
 0.000135; 0.001369; 0.001132; 0.001528; 0.002113; 0.002400; 0.002506; 0.002543;-0.102051
-0.000040;-0.000360;-0.005830;-0.012185;-0.014532;-0.015225;-0.015437;-0.015505; 0.063371
-0.000142;-0.001615;-0.002790;-0.002444;-0.001726;-0.001378;-0.001250;-0.001206; 0.108335
 0.000045; 0.000455; 0.003862; 0.007793; 0.009466; 0.010039; 0.010228; 0.010291;-0.057274
 0.000127; 0.000941; 0.001655; 0.002057; 0.001914; 0.001806; 0.001763; 0.001748;-0.140118
 0.000073; 0.001160; 0.001761; 0.002693; 0.003568; 0.003971; 0.004118; 0.004168;-0.046243
-0.000492;-0.007163;-0.010801;-0.009164;-0.007334;-0.006474;-0.006158;-0.006051; 0.274536
 0.000016; 0.001200; 0.005471; 0.009458; 0.011365; 0.012077; 0.012321; 0.012402; 0.042690
 0.000204; 0.001493; 0.001755; 0.002065; 0.002087; 0.002080; 0.002077; 0.002075;-0.238565
 0.000015; 0.000191; 0.000073; 0.001177; 0.002130; 0.002535; 0.002678; 0.002726;-0.016727
-0.000240;-0.003533;-0.007253;-0.009077;-0.009597;-0.009741;-0.009786;-0.009800; 0.141572
 0.000303; 0.004052; 0.005498; 0.003705; 0.002098; 0.001377; 0.001116; 0.001028;-0.200890
 0.000023; 0.000131;-0.003198;-0.006976;-0.008493;-0.008983;-0.009140;-0.009191;-0.013755
 0.000203; 0.003407; 0.004983; 0.003464; 0.002166; 0.001586; 0.001375; 0.001303;-0.067890
-0.000136;-0.001618;-0.000203; 0.003946; 0.006612; 0.007698; 0.008078; 0.008206; 0.070190
 0.000272; 0.004547; 0.006164; 0.004435; 0.003391; 0.002988; 0.002849; 0.002803;-0.094256
-0.000268;-0.003137;-0.006517;-0.008509;-0.008866;-0.008887;-0.008879;-0.008875; 0.251961
-0.000062;-0.000917;-0.000214; 0.000929; 0.001030; 0.000946; 0.000900; 0.000882; 0.013292
 0.000140; 0.002463; 0.007087; 0.009935; 0.010579; 0.010677; 0.010691; 0.010694;-0.093215
 0.000073; 0.000272; 0.001095; 0.001046; 0.000184;-0.000296;-0.000479;-0.000543;-0.119119
-0.000098;-0.000352;-0.000302;-0.000765;-0.000797;-0.000761;-0.000743;-0.000736; 0.156314
 0.000019;-0.000616;-0.001527;-0.001509;-0.001789;-0.001984;-0.002064;-0.002092;-0.081549
 0.000177; 0.003224; 0.007952; 0.009543; 0.009398; 0.009189; 0.009099; 0.009066;-0.084736
 0.000152; 0.002057; 0.002576; 0.001079;-0.000255;-0.000866;-0.001089;-0.001164;-0.079682
-0.000240;-0.003533;-0.007253;-0.009077;-0.009597;-0.009741;-0.009786;-0.009800; 0.141572
 0.000223; 0.002829; 0.004081; 0.004225; 0.004203; 0.004188; 0.004183; 0.004182;-0.157120
-0.000150;-0.002426;-0.003346;-0.001773;-0.000566;-0.000053; 0.000130; 0.000192; 0.087295
 0.000120; 0.001927; 0.002724; 0.001365; 0.000131;-0.000440;-0.000650;-0.000722;-0.062236
-0.000260;-0.003778;-0.010513;-0.015269;-0.016252;-0.016328;-0.016314;-0.016305; 0.211420
-0.000033;-0.000796; 0.001806; 0.006041; 0.007839; 0.008422; 0.008609; 0.008669;-0.009695
 0.000080; 0.001813; 0.010081; 0.018433; 0.021881; 0.023021; 0.023390; 0.023510;-0.044339
 0.000379; 0.004936; 0.008866; 0.010717; 0.011113; 0.011163; 0.011168; 0.011168;-0.296612
-0.000009; 0.001301; 0.002274; 0.002092; 0.002347; 0.002526; 0.002599; 0.002624; 0.106998
-0.000268;-0.003120;-0.005733;-0.005596;-0.004413;-0.003774;-0.003531;-0.003448; 0.235999
 0.000013;-0.000050; 0.001960; 0.005738; 0.007764; 0.008526; 0.008786; 0.008872;-0.034244
 0.000117; 0.001521; 0.001702; 0.001422; 0.001540; 0.001645; 0.001689; 0.001705;-0.055668
-0.000222;-0.002533;-0.000743; 0.003594; 0.005737; 0.006479; 0.006722; 0.006801; 0.173921
 0.000075; 0.000650; 0.004987; 0.010261; 0.012318; 0.012950; 0.013147; 0.013210;-0.103069
 0.000140; 0.001363; 0.002299; 0.003364; 0.003588; 0.003588; 0.003575; 0.003570;-0.114352
 0.000108; 0.001690; 0.000848;-0.002440;-0.004377;-0.005147;-0.005417;-0.005507;-0.050975
-0.000428;-0.005783;-0.011355;-0.014361;-0.015054;-0.015163;-0.015180;-0.015184; 0.299345
 0.000101; 0.000254;-0.000310;-0.000753;-0.001761;-0.002341;-0.002567;-0.002646;-0.166772
-0.000143;-0.002064;-0.001229; 0.003413; 0.006380; 0.007567; 0.007980; 0.008118; 0.085526
 0.000134; 0.001139;-0.001228;-0.006829;-0.010598;-0.012177;-0.012737;-0.012925;-0.126971
-0.000230;-0.002616;-0.004211;-0.004217;-0.003494;-0.003085;-0.002927;-0.002873; 0.198605
-0.000172;-0.002677;-0.008799;-0.013677;-0.015356;-0.015854;-0.016007;-0.016056; 0.128103
-0.000230;-0.001984;-0.002128;-0.001052; 0.000216; 0.000840; 0.001073; 0.001152; 0.228380
-0.000220;-0.002778;-0.002826;-0.000604; 0.000654; 0.001108; 0.001258; 0.001308; 0.145289
 0.000079; 0.001528; 0.002811; 0.003494; 0.003886; 0.004041; 0.004095; 0.004112;-0.028525
 0.000019;-0.000616;-0.001527;-0.001509;-0.001789;-0.001984;-0.002064;-0.002092;-0.081549
-0.000108;-0.000678;-0.002145;-0.005217;-0.006758;-0.007305;-0.007487;-0.007547; 0.145522
-0.000154;-0.002274;-0.004844;-0.006801;-0.007728;-0.008067;-0.008181;-0.008219; 0.107972
 0.000308; 0.004205; 0.005561; 0.003556; 0.001927; 0.001222; 0.000969; 0.000884;-0.219331
-0.000061;-0.001260; 0.000182; 0.003140; 0.004528; 0.005021; 0.005187; 0.005241;-0.033179
-0.000234;-0.002406; 0.001126; 0.006472; 0.008850; 0.009655; 0.009917; 0.010003; 0.174566
-0.000222;-0.003200;-0.002802; 0.000527; 0.002350; 0.003028; 0.003258; 0.003334; 0.106599
 0.000009; 0.000020;-0.001652;-0.002956;-0.003321;-0.003411;-0.003435;-0.003443; 0.002979
-0.000389;-0.005811;-0.009265;-0.007754;-0.006145;-0.005428;-0.005170;-0.005083; 0.222791
-0.000146;-0.002156;-0.000987; 0.002342; 0.004093; 0.004751; 0.004975; 0.005050; 0.071338
-0.000072;-0.000150; 0.000376; 0.000533; 0.000708; 0.000800; 0.000835; 0.000847; 0.098560
 0.000059; 0.000312; 0.006021; 0.013229; 0.016243; 0.017240; 0.017564; 0.017669;-0.133882
-0.000088;-0.000924;-0.003801;-0.007111;-0.008508;-0.008978;-0.009131;-0.009182; 0.087788
 0.000059; 0.000312; 0.006021; 0.013229; 0.016243; 0.017240; 0.017564; 0.017669;-0.133882
-0.000460;-0.005948;-0.010587;-0.012801;-0.013337;-0.013444;-0.013469;-0.013476; 0.349008
 0.000217; 0.002792; 0.005415; 0.006312; 0.006053; 0.005824; 0.005729; 0.005696;-0.158065
 0.000072; 0.001462; 0.003445; 0.002710; 0.001286; 0.000550; 0.000272; 0.000177;-0.029973
-0.000253;-0.003699;-0.006570;-0.006930;-0.006570;-0.006344;-0.006255;-0.006224; 0.146265
 0.000303; 0.004052; 0.005498; 0.003705; 0.002098; 0.001377; 0.001116; 0.001028;-0.200890
 0.000205; 0.002753; 0.004954; 0.004701; 0.003891; 0.003484; 0.003332; 0.003281;-0.147741
 0.000177; 0.002419;-0.000886;-0.006188;-0.008310;-0.008976;-0.009187;-0.009254;-0.075498
 0.000152; 0.002057; 0.002576; 0.001079;-0.000255;-0.000866;-0.001089;-0.001164;-0.079682
-0.000117;-0.002269;-0.003988;-0.003008;-0.002146;-0.001796;-0.001674;-0.001633; 0.035275
-0.000017;-0.000264;-0.000190;-0.000265;-0.000406;-0.000468;-0.000490;-0.000497;-0.007799
 0.000022; 0.000189; 0.001306; 0.003046; 0.003597; 0.003693; 0.003708; 0.003712;-0.062495
 0.000125; 0.002091; 0.008118; 0.012279; 0.013164; 0.013288; 0.013304; 0.013307;-0.116752
 0.000220; 0.003341; 0.009199; 0.014572; 0.016944; 0.017769; 0.018043; 0.018133;-0.165453
-0.000147;-0.001664;-0.002907;-0.002818;-0.002166;-0.001810;-0.001674;-0.001627; 0.146216
 0.000045; 0.000455; 0.003862; 0.007793; 0.009466; 0.010039; 0.010228; 0.010291;-0.057274
-0.000131;-0.002243;-0.004915;-0.006008;-0.006370;-0.006491;-0.006531;-0.006544; 0.063634
 0.000154; 0.002407; 0.004790; 0.005098; 0.004727; 0.004503; 0.004415; 0.004385;-0.103741
 0.000044; 0.000475; 0.002336; 0.004453; 0.005288; 0.005550; 0.005633; 0.005659;-0.066614
-0.000217;-0.003849;-0.008256;-0.011987;-0.014159;-0.015029;-0.015333;-0.015435; 0.075219
 0.000110; 0.001275; 0.001515; 0.001462; 0.001400; 0.001368; 0.001356; 0.001352;-0.093520
-0.000010; 0.000581;-0.002123;-0.006023;-0.007491;-0.007938;-0.008077;-0.008122; 0.100567
 0.000160; 0.002910; 0.005394; 0.006391; 0.007039; 0.007333; 0.007441; 0.007477;-0.023604
-0.000383;-0.005924;-0.012237;-0.016637;-0.018895;-0.019788;-0.020102;-0.020207; 0.207931
-0.000215;-0.002172;-0.002675;-0.001864;-0.000830;-0.000315;-0.000122;-0.000056; 0.163202
-0.000092;-0.000527;-0.000228; 0.000743; 0.001652; 0.002064; 0.002214; 0.002265; 0.121545
 0.000149; 0.001294;-0.000158;-0.002665;-0.004201;-0.004839;-0.005065;-0.005141;-0.136793
 0.000425; 0.005299; 0.009284; 0.011093; 0.011309; 0.011260; 0.011227; 0.011214;-0.339987
 0.000426; 0.006046; 0.012111; 0.015575; 0.016537; 0.016742; 0.016791; 0.016805;-0.261205
-0.000142;-0.001615;-0.002790;-0.002444;-0.001726;-0.001378;-0.001250;-0.001206; 0.108335
-0.000142;-0.001615;-0.002790;-0.002444;-0.001726;-0.001378;-0.001250;-0.001206; 0.108335
-0.000093;-0.002108;-0.006988;-0.012136;-0.014496;-0.015306;-0.015571;-0.015657; 0.036336
 0.000026; 0.000417; 0.001510; 0.002974; 0.003779; 0.004091; 0.004199; 0.004234;-0.031026
-0.000012;-0.000088;-0.003282;-0.008123;-0.010609;-0.011539;-0.011856;-0.011961; 0.041256
 0.000073; 0.001538; 0.001305; 0.001184; 0.001923; 0.002361; 0.002531; 0.002590; 0.006097
-0.000049; 0.000004;-0.000266; 0.000183; 0.001150; 0.001654; 0.001845; 0.001910; 0.081151
 0.000086; 0.000773; 0.003698; 0.007397; 0.008946; 0.009459; 0.009625; 0.009679;-0.111324
 0.000051; 0.000514; 0.002955; 0.006119; 0.007493; 0.007950; 0.008098; 0.008146;-0.063602
-0.000212;-0.002761;-0.004398;-0.005927;-0.006789;-0.007104;-0.007208;-0.007242; 0.152992
 0.000416; 0.005109; 0.008557; 0.008310; 0.007057; 0.006396; 0.006146; 0.006060;-0.330358
 0.000009; 0.000020;-0.001652;-0.002956;-0.003321;-0.003411;-0.003435;-0.003443; 0.002979
-0.000144;-0.003211;-0.004765;-0.004032;-0.003926;-0.003964;-0.003987;-0.003996;-0.002010
-0.000147;-0.001664;-0.002907;-0.002818;-0.002166;-0.001810;-0.001674;-0.001627; 0.146216
 0.000076; 0.001829; 0.004023; 0.003814; 0.003302; 0.003063; 0.002976; 0.002946; 0.002033
-0.000486;-0.006788;-0.009270;-0.006715;-0.004668;-0.003791;-0.003478;-0.003372; 0.293518
 0.000010; 0.000332; 0.000007;-0.000773;-0.001191;-0.001362;-0.001424;-0.001444; 0.016121
-0.000078;-0.001189;-0.004636;-0.008223;-0.009796;-0.010338;-0.010517;-0.010576; 0.055450
-0.000172;-0.002677;-0.008799;-0.013677;-0.015356;-0.015854;-0.016007;-0.016056; 0.128103
 0.000096; 0.001430; 0.004105; 0.005921; 0.006415; 0.006528; 0.006557; 0.006566;-0.066355
-0.000050; 0.000179; 0.003558; 0.006818; 0.008188; 0.008647; 0.008797; 0.008846; 0.067697
-0.000022;-0.000815;-0.000129; 0.000784; 0.000653; 0.000482; 0.000408; 0.000382;-0.029931
 0.000018; 0.000030; 0.002240; 0.005232; 0.006455; 0.006844; 0.006968; 0.007008;-0.043868
 0.000033; 0.001358; 0.002234; 0.001630; 0.001482; 0.001481; 0.001488; 0.001492; 0.045030
 0.000303; 0.004364; 0.008599; 0.010507; 0.011062; 0.011224; 0.011274; 0.011291;-0.193144
-0.000105;-0.000059; 0.001851; 0.002317; 0.002649; 0.002856; 0.002940; 0.002969; 0.125092
-0.000461;-0.007024;-0.015666;-0.019920;-0.020683;-0.020725;-0.020707;-0.020698; 0.276369
-0.000061;-0.001110;-0.001960;-0.001342;-0.000732;-0.000464;-0.000367;-0.000335;-0.005757
 0.000223; 0.002829; 0.004081; 0.004225; 0.004203; 0.004188; 0.004183; 0.004182;-0.157120
 0.000063; 0.000294; 0.002061; 0.004597; 0.005509; 0.005761; 0.005835; 0.005858;-0.087799
 0.000364; 0.004611; 0.009045; 0.010858; 0.010813; 0.010631; 0.010548; 0.010518;-0.292004
 0.000278; 0.004143; 0.006270; 0.004226; 0.002369; 0.001558; 0.001268; 0.001170;-0.156878
 0.000014;-0.000356;-0.000059;-0.000437;-0.001370;-0.001866;-0.002055;-0.002119;-0.064792
 0.000379; 0.004936; 0.008866; 0.010717; 0.011113; 0.011163; 0.011168; 0.011168;-0.296612
 0.000184; 0.002630; 0.010087; 0.016423; 0.018336; 0.018804; 0.018931; 0.018969;-0.181740
 0.000074; 0.000606;-0.001524;-0.004591;-0.006140;-0.006714;-0.006909;-0.006974;-0.043127
-0.000222;-0.002533;-0.000743; 0.003594; 0.005737; 0.006479; 0.006722; 0.006801; 0.173921
 0.000087; 0.000410;-0.001206;-0.002879;-0.003635;-0.003890;-0.003973;-0.004000;-0.116324
-0.000327;-0.005347;-0.009257;-0.008006;-0.006318;-0.005517;-0.005222;-0.005122; 0.165995
 0.000077; 0.000693; 0.002247; 0.004019; 0.004525; 0.004617; 0.004635; 0.004639;-0.083894
-0.000268;-0.003137;-0.006517;-0.008509;-0.008866;-0.008887;-0.008879;-0.008875; 0.251961
 0.000024;-0.000199;-0.000892;-0.001784;-0.002173;-0.002277;-0.002305;-0.002313;-0.049303
-0.000342;-0.005157;-0.010779;-0.013867;-0.014704;-0.014887;-0.014932;-0.014945; 0.186459
-0.000073;-0.000751;-0.002409;-0.003009;-0.002680;-0.002451;-0.002360;-0.002329; 0.088364
-0.000098;-0.000352;-0.000302;-0.000765;-0.000797;-0.000761;-0.000743;-0.000736; 0.156314
 0.000043; 0.000658; 0.003759; 0.006522; 0.007349; 0.007552; 0.007608; 0.007625;-0.051494
-0.000284;-0.004481;-0.006273;-0.005459;-0.005160;-0.005101;-0.005088;-0.005085; 0.117571
-0.000102;-0.002089;-0.003804;-0.003011;-0.002235;-0.001907;-0.001792;-0.001754; 0.040132
 0.000157; 0.001019;-0.001301;-0.004535;-0.006556;-0.007405;-0.007708;-0.007809;-0.175649
-0.000451;-0.006566;-0.014865;-0.019963;-0.021222;-0.021443;-0.021485;-0.021495; 0.315440
-0.000530;-0.007321;-0.013269;-0.013753;-0.012595;-0.011938;-0.011687;-0.011600; 0.324266
 0.000140; 0.002463; 0.007087; 0.009935; 0.010579; 0.010677; 0.010691; 0.010694;-0.093215
 0.000041; 0.000687; 0.002764; 0.002818; 0.001990; 0.001543; 0.001374; 0.001316;-0.026358
 0.000101; 0.001403; 0.002000; 0.001896; 0.001890; 0.001910; 0.001920; 0.001924;-0.066851
-0.000274;-0.003196;-0.003463;-0.001038; 0.000929; 0.001803; 0.002119; 0.002226; 0.205716
 0.000187; 0.002556; 0.008249; 0.012358; 0.013488; 0.013764; 0.013841; 0.013864;-0.175057
-0.000055;-0.000801;-0.001142; 0.000279; 0.001387; 0.001846; 0.002008; 0.002062; 0.037926
-0.000106;-0.001009;-0.000259; 0.002290; 0.004320; 0.005234; 0.005566; 0.005679; 0.096941
-0.000231;-0.003033;-0.005761;-0.006104;-0.005570;-0.005257;-0.005137;-0.005095; 0.177597
 0.000022; 0.000189; 0.001306; 0.003046; 0.003597; 0.003693; 0.003708; 0.003712;-0.062495
 0.000303; 0.004052; 0.005498; 0.003705; 0.002098; 0.001377; 0.001116; 0.001028;-0.200890
 0.000013;-0.000050; 0.001960; 0.005738; 0.007764; 0.008526; 0.008786; 0.008872;-0.034244
-0.000216;-0.002223;-0.003943;-0.003518;-0.002377;-0.001799;-0.001584;-0.001510; 0.201775
-0.000423;-0.006396;-0.013255;-0.016058;-0.016268;-0.016132;-0.016057;-0.016029; 0.272719
-0.000197;-0.001973;-0.003800;-0.004357;-0.003902;-0.003593;-0.003469;-0.003426; 0.187824
 0.000117; 0.001521; 0.001702; 0.001422; 0.001540; 0.001645; 0.001689; 0.001705;-0.055668
 0.000154; 0.002407; 0.004790; 0.005098; 0.004727; 0.004503; 0.004415; 0.004385;-0.103741
 0.000248; 0.002914; 0.006026; 0.007319; 0.007120; 0.006897; 0.006803; 0.006769;-0.208133
-0.000010; 0.000581;-0.002123;-0.006023;-0.007491;-0.007938;-0.008077;-0.008122; 0.100567
 0.000187; 0.002556; 0.008249; 0.012358; 0.013488; 0.013764; 0.013841; 0.013864;-0.175057
-0.000188;-0.002775;-0.002079; 0.001799; 0.003833; 0.004558; 0.004799; 0.004878; 0.099886
-0.000197;-0.001973;-0.003800;-0.004357;-0.003902;-0.003593;-0.003469;-0.003426; 0.187824
 0.000091;-0.000063;-0.001813;-0.003385;-0.004349;-0.004739;-0.004874;-0.004920;-0.143568
-0.000103;-0.001079;-0.003352;-0.005082;-0.005196;-0.005082;-0.005022;-0.005000; 0.111605
-0.000021;-0.000844;-0.002093;-0.004063;-0.005643;-0.006339;-0.006590;-0.006675;-0.006333
-0.000190;-0.002377;-0.003411;-0.002856;-0.002198;-0.001891;-0.001778;-0.001740; 0.145148
 0.000136; 0.001186; 0.001208; 0.001857; 0.002227; 0.002357; 0.002400; 0.002414;-0.117984
 0.000099; 0.002845; 0.006045; 0.006946; 0.007736; 0.008162; 0.008327; 0.008384; 0.038395
 0.000210; 0.002301; 0.005383; 0.006646; 0.006190; 0.005821; 0.005670; 0.005617;-0.203836
-0.000238;-0.002492;-0.004456;-0.005497;-0.005431;-0.005282;-0.005215;-0.005190; 0.205069
 0.000072; 0.000330;-0.000282; 0.000670; 0.001718; 0.002205; 0.002383; 0.002444;-0.080316
-0.000180;-0.002771;-0.006752;-0.008348;-0.008282;-0.008115;-0.008040;-0.008014; 0.120206
-0.000035; 0.000733; 0.002322; 0.003353; 0.004013; 0.004284; 0.004378; 0.004410; 0.123455
-0.000277;-0.003186;-0.004914;-0.007315;-0.008970;-0.009666;-0.009914;-0.009998; 0.205378
-0.000369;-0.004598;-0.009398;-0.012600;-0.013527;-0.013745;-0.013802;-0.013819; 0.308204
 0.000073;-0.000999;-0.004147;-0.005853;-0.006800;-0.007190;-0.007328;-0.007374;-0.177478
-0.000352;-0.005313;-0.009476;-0.010258;-0.010248;-0.010217;-0.010206;-0.010202; 0.217836
 0.000081; 0.000816; 0.004048; 0.007823; 0.009371; 0.009871; 0.010030; 0.010082;-0.100437
-0.000406;-0.005867;-0.009737;-0.008436;-0.006638;-0.005797;-0.005490;-0.005385; 0.276865
-0.000222;-0.003200;-0.002802; 0.000527; 0.002350; 0.003028; 0.003258; 0.003334; 0.106599
 0.000272; 0.004547; 0.006164; 0.004435; 0.003391; 0.002988; 0.002849; 0.002803;-0.094256
-0.000057;-0.000432; 0.000290; 0.001016; 0.001198; 0.001214; 0.001211; 0.001210; 0.056602
-0.000189;-0.002836;-0.005476;-0.005675;-0.005242;-0.005018;-0.004935;-0.004907; 0.094773
-0.000253;-0.003699;-0.006570;-0.006930;-0.006570;-0.006344;-0.006255;-0.006224; 0.146265
-0.000238;-0.002492;-0.004456;-0.005497;-0.005431;-0.005282;-0.005215;-0.005190; 0.205069
-0.000205;-0.002807;-0.005169;-0.005024;-0.004284;-0.003905;-0.003763;-0.003715; 0.154449
 0.000133; 0.002422; 0.001446;-0.000948;-0.001492;-0.001541;-0.001536;-0.001532;-0.031514
 0.000388; 0.005253; 0.010393; 0.013130; 0.014272; 0.014719; 0.014878; 0.014931;-0.251801
 0.000009;-0.000684;-0.004544;-0.007521;-0.008458;-0.008701;-0.008769;-0.008790;-0.027327
-0.000274;-0.003196;-0.003463;-0.001038; 0.000929; 0.001803; 0.002119; 0.002226; 0.205716
 0.000045;-0.000784;-0.003421;-0.005922;-0.007656;-0.008416;-0.008690;-0.008783;-0.113922
 0.000121; 0.002218; 0.004430; 0.006301; 0.007101; 0.007330; 0.007397; 0.007417;-0.031948
 0.000150; 0.002442; 0.006967; 0.009792; 0.010399; 0.010482; 0.010492; 0.010493;-0.108811
-0.000322;-0.004691;-0.008339;-0.008390;-0.007504;-0.007014;-0.006825;-0.006761; 0.200185
 0.000505; 0.006506; 0.007825; 0.003864; 0.000971;-0.000246;-0.000678;-0.000823;-0.344309
-0.000216;-0.002223;-0.003943;-0.003518;-0.002377;-0.001799;-0.001584;-0.001510; 0.201775
-0.000197;-0.001525;-0.002031;-0.003305;-0.003933;-0.004151;-0.004224;-0.004247; 0.229536
-0.000193;-0.002033;-0.006096;-0.009922;-0.011150;-0.011462;-0.011548;-0.011575; 0.184068
-0.000250;-0.002778;-0.004287;-0.004360;-0.003834;-0.003526;-0.003407;-0.003365; 0.208811
-0.000108;-0.000678;-0.002145;-0.005217;-0.006758;-0.007305;-0.007487;-0.007547; 0.145522
-0.000067;-0.001619;-0.008934;-0.016070;-0.018867;-0.019755;-0.020037;-0.020128; 0.042134
-0.000190;-0.002377;-0.003411;-0.002856;-0.002198;-0.001891;-0.001778;-0.001740; 0.145148
-0.000222;-0.003200;-0.002802; 0.000527; 0.002350; 0.003028; 0.003258; 0.003334; 0.106599
-0.000067;-0.001955;-0.005672;-0.008864;-0.010627;-0.011328;-0.011573;-0.011655;-0.017677
-0.000383;-0.005924;-0.012237;-0.016637;-0.018895;-0.019788;-0.020102;-0.020207; 0.207931
-0.000020;-0.000528;-0.001255;-0.000555; 0.000439; 0.000942; 0.001132; 0.001197; 0.000321
-0.000033;-0.000366;-0.006337;-0.012485;-0.014558;-0.015136;-0.015309;-0.015363; 0.081058
 0.000263; 0.003480; 0.005734; 0.004250; 0.002383; 0.001492; 0.001164; 0.001052;-0.177895
-0.000035; 0.000733; 0.002322; 0.003353; 0.004013; 0.004284; 0.004378; 0.004410; 0.123455
-0.000041; 0.000554; 0.000771;-0.000721;-0.001376;-0.001567;-0.001624;-0.001642; 0.109092
-0.000086;-0.000776;-0.001365;-0.000098; 0.001527; 0.002322; 0.002617; 0.002718; 0.095838
 0.000020;-0.000758;-0.005474;-0.010306;-0.012511;-0.013283;-0.013539;-0.013623;-0.081359
-0.000062;-0.000917;-0.000214; 0.000929; 0.001030; 0.000946; 0.000900; 0.000882; 0.013292
 0.000033;-0.000015; 0.000196; 0.001843; 0.002911; 0.003338; 0.003487; 0.003537;-0.034723
 0.000109; 0.001404; 0.002609; 0.003299; 0.003590; 0.003696; 0.003732; 0.003744;-0.095682
-0.000077; 0.000142; 0.001952; 0.003776; 0.005104; 0.005696; 0.005912; 0.005985; 0.112721
-0.000234;-0.002406; 0.001126; 0.006472; 0.008850; 0.009655; 0.009917; 0.010003; 0.174566
-0.000033;-0.000796; 0.001806; 0.006041; 0.007839; 0.008422; 0.008609; 0.008669;-0.009695
-0.000011;-0.001165;-0.005771;-0.008899;-0.009748;-0.009938;-0.009987;-0.010001;-0.033445
 0.000217; 0.002792; 0.002897; 0.000393;-0.001176;-0.001797;-0.002013;-0.002084;-0.116772
 0.000351; 0.005438; 0.010690; 0.011345; 0.010512; 0.010014; 0.009821; 0.009754;-0.208006
-0.000253;-0.003699;-0.006570;-0.006930;-0.006570;-0.006344;-0.006255;-0.006224; 0.146265
 0.000155; 0.002773; 0.007941; 0.012357; 0.014296; 0.014975; 0.015201; 0.015276;-0.068802
 0.000203; 0.003407; 0.004983; 0.003464; 0.002166; 0.001586; 0.001375; 0.001303;-0.067890
-0.000406;-0.005867;-0.009737;-0.008436;-0.006638;-0.005797;-0.005490;-0.005385; 0.276865
 0.000133; 0.002359; 0.006254; 0.008165; 0.008149; 0.007939; 0.007839; 0.007803;-0.063222
 0.000136; 0.002598; 0.004100; 0.003650; 0.003543; 0.003558; 0.003572; 0.003577;-0.016778
 0.000288; 0.003981; 0.007636; 0.008173; 0.007597; 0.007250; 0.007116; 0.007070;-0.205365
-0.000054;-0.000924; 0.001540; 0.004793; 0.005714; 0.005892; 0.005930; 0.005940; 0.011973
 0.000267; 0.003622; 0.006281; 0.006639; 0.006242; 0.005994; 0.005897; 0.005863;-0.175302
 0.000313; 0.004272; 0.010916; 0.015434; 0.016477; 0.016629; 0.016650; 0.016653;-0.227810
 0.000051; 0.000514; 0.002955; 0.006119; 0.007493; 0.007950; 0.008098; 0.008146;-0.063602
-0.000263;-0.003226;-0.005966;-0.006826;-0.006694;-0.006555;-0.006496;-0.006475; 0.205536
-0.000018;-0.000348;-0.000421; 0.000165; 0.000707; 0.000965; 0.001060; 0.001093; 0.012270
 0.000313; 0.004506; 0.008389; 0.008933; 0.008372; 0.008018; 0.007879; 0.007831;-0.197610
 0.000076; 0.001829; 0.004023; 0.003814; 0.003302; 0.003063; 0.002976; 0.002946; 0.002033
-0.000087;-0.000126; 0.002445; 0.004985; 0.006457; 0.007069; 0.007287; 0.007360; 0.097119
-0.000205;-0.002807;-0.005169;-0.005024;-0.004284;-0.003905;-0.003763;-0.003715; 0.154449
 0.000133; 0.002359; 0.006254; 0.008165; 0.008149; 0.007939; 0.007839; 0.007803;-0.063222
 0.000010; 0.000332; 0.000007;-0.000773;-0.001191;-0.001362;-0.001424;-0.001444; 0.016121
-0.000347;-0.003937;-0.007765;-0.010943;-0.012079;-0.012397;-0.012491;-0.012520; 0.292604
 0.000298; 0.004275; 0.012169; 0.017743; 0.018985; 0.019130; 0.019136; 0.019133;-0.235806
 0.000248; 0.004323; 0.010180; 0.013027; 0.013778; 0.013968; 0.014022; 0.014038;-0.141265
 0.000136; 0.002598; 0.004100; 0.003650; 0.003543; 0.003558; 0.003572; 0.003577;-0.016778
 0.000031;-0.000115;-0.002444;-0.004280;-0.004767;-0.004856;-0.004874;-0.004878;-0.029199
 0.000426; 0.006046; 0.012111; 0.015575; 0.016537; 0.016742; 0.016791; 0.016805;-0.261205
-0.000238;-0.002492;-0.004456;-0.005497;-0.005431;-0.005282;-0.005215;-0.005190; 0.205069
-0.000111;-0.001891; 0.000757; 0.005023; 0.006598; 0.007055; 0.007193; 0.007237; 0.008909
 0.000026; 0.000417; 0.001510; 0.002974; 0.003779; 0.004091; 0.004199; 0.004234;-0.031026
-0.000086;-0.001776;-0.005361;-0.008272;-0.009637;-0.010149;-0.010324;-0.010383; 0.019663
-0.000247;-0.003528;-0.006711;-0.008208;-0.008498;-0.008515;-0.008508;-0.008504; 0.154164
-0.000389;-0.005281;-0.007622;-0.006499;-0.005430;-0.004954;-0.004781;-0.004723; 0.247802
 0.000161; 0.002582; 0.006115; 0.008318; 0.008986; 0.009164; 0.009216; 0.009232;-0.097087
 0.000505; 0.006506; 0.007825; 0.003864; 0.000971;-0.000246;-0.000678;-0.000823;-0.344309
-0.000228;-0.002534;-0.004362;-0.003911;-0.002936;-0.002460;-0.002284;-0.002224; 0.174704
-0.000062;-0.000917;-0.000214; 0.000929; 0.001030; 0.000946; 0.000900; 0.000882; 0.013292
-0.000225;-0.004602;-0.009597;-0.011064;-0.011524;-0.011697;-0.011758;-0.011778; 0.056355
 0.000177; 0.002980; 0.006310; 0.007822; 0.008447; 0.008694; 0.008782; 0.008812;-0.106765
 0.000096; 0.001703; 0.002205; 0.002619; 0.003267; 0.003593; 0.003715; 0.003757;-0.043520
-0.000089;-0.001037;-0.002994;-0.004911;-0.005617;-0.005831;-0.005898;-0.005920; 0.073846
-0.000088;-0.000924;-0.003801;-0.007111;-0.008508;-0.008978;-0.009131;-0.009182; 0.087788
 0.000083; 0.002075; 0.005680; 0.006075; 0.005086; 0.004497; 0.004267; 0.004188;-0.034835
-0.000028;-0.000054;-0.002038;-0.005844;-0.007788;-0.008489;-0.008723;-0.008800; 0.078909
 0.000269; 0.002583; 0.000428;-0.002316;-0.003379;-0.003715;-0.003822;-0.003857;-0.186818
 0.000043; 0.000658; 0.003759; 0.006522; 0.007349; 0.007552; 0.007608; 0.007625;-0.051494
 0.000063; 0.001393; 0.003408; 0.004197; 0.004331; 0.004346; 0.004347; 0.004347; 0.003276
-0.000234;-0.002406; 0.001126; 0.006472; 0.008850; 0.009655; 0.009917; 0.010003; 0.174566
-0.000004;-0.000699; 0.000259; 0.001683; 0.001848; 0.001798; 0.001767; 0.001755;-0.062631
 0.000157; 0.001019;-0.001301;-0.004535;-0.006556;-0.007405;-0.007708;-0.007809;-0.175649
-0.000028;-0.000528;-0.001117;-0.001340;-0.001213;-0.001107;-0.001063;-0.001048; 0.000296
 0.000400; 0.005705; 0.013452; 0.018142; 0.019172; 0.019305; 0.019318; 0.019318;-0.275960
 0.000290; 0.004185; 0.006029; 0.004236; 0.002720; 0.002064; 0.001829; 0.001750;-0.174411
-0.000103;-0.001079;-0.003352;-0.005082;-0.005196;-0.005082;-0.005022;-0.005000; 0.111605
 0.000095; 0.000785; 0.004153; 0.006818; 0.007179; 0.007133; 0.007094; 0.007079;-0.126350
 0.000177; 0.002419;-0.000886;-0.006188;-0.008310;-0.008976;-0.009187;-0.009254;-0.075498
-0.000461;-0.007024;-0.015666;-0.019920;-0.020683;-0.020725;-0.020707;-0.020698; 0.276369
-0.000011; 0.000107;-0.001085;-0.002742;-0.003526;-0.003818;-0.003919;-0.003952; 0.060048
 0.000425; 0.006347; 0.010541; 0.011874; 0.012696; 0.013085; 0.013231; 0.013281;-0.254975
-0.000144;-0.003211;-0.004765;-0.004032;-0.003926;-0.003964;-0.003987;-0.003996;-0.002010
 0.000158; 0.001940; 0.002134; 0.000309;-0.001048;-0.001623;-0.001827;-0.001896;-0.119206
 0.000331; 0.004227; 0.007999; 0.010323; 0.010962; 0.011103; 0.011139; 0.011149;-0.217182
-0.000039;-0.000311;-0.000206; 0.000341; 0.000730; 0.000889; 0.000944; 0.000962; 0.035796
-0.000067;-0.001955;-0.005672;-0.008864;-0.010627;-0.011328;-0.011573;-0.011655;-0.017677
 0.000033;-0.000015; 0.000196; 0.001843; 0.002911; 0.003338; 0.003487; 0.003537;-0.034723
 0.000415; 0.005853; 0.013164; 0.017670; 0.018971; 0.019291; 0.019379; 0.019405;-0.289853
-0.000033;-0.000366;-0.006337;-0.012485;-0.014558;-0.015136;-0.015309;-0.015363; 0.081058
 0.000096; 0.001381; 0.001752; 0.001011; 0.000622; 0.000493; 0.000451; 0.000438;-0.045460
 0.000426; 0.006046; 0.012111; 0.015575; 0.016537; 0.016742; 0.016791; 0.016805;-0.261205
-0.000136;-0.001618;-0.000203; 0.003946; 0.006612; 0.007698; 0.008078; 0.008206; 0.070190
-0.000103;-0.001079;-0.003352;-0.005082;-0.005196;-0.005082;-0.005022;-0.005000; 0.111605
-0.000301;-0.004989;-0.005974;-0.002739;-0.001134;-0.000590;-0.000413;-0.000355; 0.125812
-0.000377;-0.006089;-0.013531;-0.017361;-0.018628;-0.019039;-0.019174;-0.019218; 0.217506
 0.000248; 0.004323; 0.010180; 0.013027; 0.013778; 0.013968; 0.014022; 0.014038;-0.141265
 0.000146; 0.001658; 0.001842; 0.002080; 0.002386; 0.002526; 0.002576; 0.002593;-0.097886
-0.000134;-0.002050;-0.001858; 0.000432; 0.001576; 0.001963; 0.002088; 0.002129; 0.066997
-0.000134;-0.002050;-0.001858; 0.000432; 0.001576; 0.001963; 0.002088; 0.002129; 0.066997
 0.000076; 0.001829; 0.004023; 0.003814; 0.003302; 0.003063; 0.002976; 0.002946; 0.002033
-0.000012;-0.000088;-0.003282;-0.008123;-0.010609;-0.011539;-0.011856;-0.011961; 0.041256
-0.000220;-0.002778;-0.002826;-0.000604; 0.000654; 0.001108; 0.001258; 0.001308; 0.145289
-0.000142;-0.001615;-0.002790;-0.002444;-0.001726;-0.001378;-0.001250;-0.001206; 0.108335
 0.000425; 0.006347; 0.010541; 0.011874; 0.012696; 0.013085; 0.013231; 0.013281;-0.254975
 0.000136; 0.002598; 0.004100; 0.003650; 0.003543; 0.003558; 0.003572; 0.003577;-0.016778
 0.000231; 0.003244; 0.007126; 0.009496; 0.010155; 0.010309; 0.010350; 0.010362;-0.167627
-0.000122;-0.002311;-0.005403;-0.005548;-0.004913;-0.004582;-0.004458;-0.004416; 0.079774
 0.000030; 0.000078;-0.001623;-0.003145;-0.003715;-0.003901;-0.003961;-0.003981;-0.039860
-0.000027;-0.000352; 0.002286; 0.007347; 0.010278; 0.011429; 0.011828; 0.011961; 0.006789
 0.000055; 0.001663; 0.003732; 0.006350; 0.008622; 0.009680; 0.010069; 0.010201; 0.030786
 0.000367; 0.005642; 0.012363; 0.016450; 0.017807; 0.018195; 0.018313; 0.018350;-0.214401
-0.000247;-0.003528;-0.006711;-0.008208;-0.008498;-0.008515;-0.008508;-0.008504; 0.154164
 0.000017; 0.000214;-0.004215;-0.008093;-0.008825;-0.008856;-0.008835;-0.008824; 0.024679
 0.000213; 0.001670; 0.002669; 0.004898; 0.006096; 0.006545; 0.006698; 0.006749;-0.238461
 0.000010; 0.000332; 0.000007;-0.000773;-0.001191;-0.001362;-0.001424;-0.001444; 0.016121
 0.000198; 0.002881; 0.004690; 0.003720; 0.002703; 0.002251; 0.002088; 0.002033;-0.130694
 0.000198; 0.002881; 0.004690; 0.003720; 0.002703; 0.002251; 0.002088; 0.002033;-0.130694
-0.000247;-0.003528;-0.006711;-0.008208;-0.008498;-0.008515;-0.008508;-0.008504; 0.154164
-0.000248;-0.003608;-0.006285;-0.006795;-0.006698;-0.006618;-0.006586;-0.006574; 0.149424
-0.000106;-0.001009;-0.000259; 0.002290; 0.004320; 0.005234; 0.005566; 0.005679; 0.096941
 0.000210; 0.002301; 0.005383; 0.006646; 0.006190; 0.005821; 0.005670; 0.005617;-0.203836
-0.000190;-0.002377;-0.003411;-0.002856;-0.002198;-0.001891;-0.001778;-0.001740; 0.145148
-0.000003;-0.000351; 0.002983; 0.007786; 0.009800; 0.010449; 0.010656; 0.010723;-0.044694
 0.000079; 0.001528; 0.002811; 0.003494; 0.003886; 0.004041; 0.004095; 0.004112;-0.028525
 0.000034; 0.000226; 0.000524; 0.000245;-0.000537;-0.000974;-0.001143;-0.001202;-0.036673
 0.000416; 0.005109; 0.008557; 0.008310; 0.007057; 0.006396; 0.006146; 0.006060;-0.330358
 0.000476; 0.006693; 0.010687; 0.009996; 0.008776; 0.008191; 0.007976; 0.007903;-0.296075
-0.000389;-0.005281;-0.007622;-0.006499;-0.005430;-0.004954;-0.004781;-0.004723; 0.247802
 0.000095; 0.000785; 0.004153; 0.006818; 0.007179; 0.007133; 0.007094; 0.007079;-0.126350
 0.000073; 0.001160; 0.001761; 0.002693; 0.003568; 0.003971; 0.004118; 0.004168;-0.046243
 0.000120; 0.001927; 0.002724; 0.001365; 0.000131;-0.000440;-0.000650;-0.000722;-0.062236
-0.000276;-0.004015;-0.011715;-0.017426;-0.019277;-0.019798;-0.019954;-0.020003; 0.203512
 0.000139; 0.001583; 0.004445; 0.006793; 0.007532; 0.007733; 0.007792; 0.007811;-0.156163
-0.000136;-0.001618;-0.000203; 0.003946; 0.006612; 0.007698; 0.008078; 0.008206; 0.070190
 0.000252; 0.002931; 0.003331; 0.002232; 0.001322; 0.000911; 0.000761; 0.000710;-0.214980
 0.000425; 0.006347; 0.010541; 0.011874; 0.012696; 0.013085; 0.013231; 0.013281;-0.254975
 0.000248; 0.002914; 0.006026; 0.007319; 0.007120; 0.006897; 0.006803; 0.006769;-0.208133
 0.000073; 0.001160; 0.001761; 0.002693; 0.003568; 0.003971; 0.004118; 0.004168;-0.046243
-0.000102;-0.002089;-0.003804;-0.003011;-0.002235;-0.001907;-0.001792;-0.001754; 0.040132
-0.000049; 0.000004;-0.000266; 0.000183; 0.001150; 0.001654; 0.001845; 0.001910; 0.081151
 0.000313; 0.004506; 0.008389; 0.008933; 0.008372; 0.008018; 0.007879; 0.007831;-0.197610
-0.000086;-0.001776;-0.005361;-0.008272;-0.009637;-0.010149;-0.010324;-0.010383; 0.019663
-0.000020;-0.000528;-0.001255;-0.000555; 0.000439; 0.000942; 0.001132; 0.001197; 0.000321
-0.000062;-0.000917;-0.000214; 0.000929; 0.001030; 0.000946; 0.000900; 0.000882; 0.013292
-0.000012; 0.000530;-0.002123;-0.006879;-0.009063;-0.009815;-0.010063;-0.010145; 0.069390
-0.000076;-0.000597;-0.000368;-0.000292;-0.000442;-0.000545;-0.000587;-0.000602; 0.080052
-0.000195;-0.002666;-0.003899;-0.003006;-0.002185;-0.001834;-0.001710;-0.001668; 0.123053
-0.000461;-0.007024;-0.015666;-0.019920;-0.020683;-0.020725;-0.020707;-0.020698; 0.276369
 0.000303; 0.004052; 0.005498; 0.003705; 0.002098; 0.001377; 0.001116; 0.001028;-0.200890
-0.000223;-0.003010;-0.004307;-0.004769;-0.005192;-0.005389;-0.005461;-0.005486; 0.119237
-0.000423;-0.006396;-0.013255;-0.016058;-0.016268;-0.016132;-0.016057;-0.016029; 0.272719
-0.000423;-0.006396;-0.013255;-0.016058;-0.016268;-0.016132;-0.016057;-0.016029; 0.272719
 0.000091;-0.000063;-0.001813;-0.003385;-0.004349;-0.004739;-0.004874;-0.004920;-0.143568
-0.000061;-0.001260; 0.000182; 0.003140; 0.004528; 0.005021; 0.005187; 0.005241;-0.033179
 0.000179; 0.003307; 0.011475; 0.019470; 0.023156; 0.024478; 0.024922; 0.025069;-0.123710
-0.000178;-0.002940;-0.005154;-0.006079;-0.006601;-0.006831;-0.006915;-0.006943; 0.077606
 0.000064; 0.000932; 0.001254; 0.000419;-0.000285;-0.000597;-0.000711;-0.000749;-0.042053
 0.000501; 0.007550; 0.015622; 0.018768; 0.019122; 0.019060; 0.019015; 0.018997;-0.294352
 0.000045;-0.000784;-0.003421;-0.005922;-0.007656;-0.008416;-0.008690;-0.008783;-0.113922
 0.000013;-0.000050; 0.001960; 0.005738; 0.007764; 0.008526; 0.008786; 0.008872;-0.034244
-0.000033;-0.000366;-0.006337;-0.012485;-0.014558;-0.015136;-0.015309;-0.015363; 0.081058
 0.000160; 0.002910; 0.005394; 0.006391; 0.007039; 0.007333; 0.007441; 0.007477;-0.023604
-0.000055;-0.000801;-0.001142; 0.000279; 0.001387; 0.001846; 0.002008; 0.002062; 0.037926
 0.000051; 0.000514; 0.002955; 0.006119; 0.007493; 0.007950; 0.008098; 0.008146;-0.063602
 0.000135; 0.001369; 0.001132; 0.001528; 0.002113; 0.002400; 0.002506; 0.002543;-0.102051
 0.000313; 0.004506; 0.008389; 0.008933; 0.008372; 0.008018; 0.007879; 0.007831;-0.197610
 0.000203; 0.002980; 0.005617; 0.006847; 0.007304; 0.007458; 0.007509; 0.007525;-0.118300
-0.000230;-0.002616;-0.004211;-0.004217;-0.003494;-0.003085;-0.002927;-0.002873; 0.198605
-0.000321;-0.003819;-0.006898;-0.007887;-0.007588;-0.007330;-0.007222;-0.007185; 0.263835
-0.000263;-0.003226;-0.005966;-0.006826;-0.006694;-0.006555;-0.006496;-0.006475; 0.205536
-0.000115;-0.002146;-0.005512;-0.008597;-0.010224;-0.010853;-0.011070;-0.011143; 0.042091
 0.000109; 0.002217; 0.004202; 0.004726; 0.005185; 0.005429; 0.005523; 0.005556;-0.042094
-0.000252;-0.003201;-0.006711;-0.007658;-0.006970;-0.006498;-0.006309;-0.006244; 0.196219
 0.000234; 0.003344; 0.005584; 0.003338; 0.000666;-0.000615;-0.001089;-0.001251;-0.136902
-0.000309;-0.004786;-0.009134;-0.009659;-0.008939;-0.008504;-0.008334;-0.008276; 0.159039
 0.000298; 0.004275; 0.012169; 0.017743; 0.018985; 0.019130; 0.019136; 0.019133;-0.235806
-0.000115;-0.002146;-0.005512;-0.008597;-0.010224;-0.010853;-0.011070;-0.011143; 0.042091
 0.000025; 0.001102; 0.001523; 0.000474;-0.000048;-0.000229;-0.000289;-0.000309; 0.051719
-0.000421;-0.005300;-0.008045;-0.006854;-0.005417;-0.004754;-0.004512;-0.004430; 0.319528
 0.000023; 0.000131;-0.003198;-0.006976;-0.008493;-0.008983;-0.009140;-0.009191;-0.013755
 0.000133; 0.002359; 0.006254; 0.008165; 0.008149; 0.007939; 0.007839; 0.007803;-0.063222
-0.000260;-0.003778;-0.010513;-0.015269;-0.016252;-0.016328;-0.016314;-0.016305; 0.211420
 0.000087; 0.000410;-0.001206;-0.002879;-0.003635;-0.003890;-0.003973;-0.004000;-0.116324
-0.000213;-0.002829;-0.004236;-0.004032;-0.003657;-0.003474;-0.003406;-0.003383; 0.108344
-0.000022; 0.000347;-0.001691;-0.004694;-0.005684;-0.005934;-0.006003;-0.006024; 0.086317
-0.000102;-0.002089;-0.003804;-0.003011;-0.002235;-0.001907;-0.001792;-0.001754; 0.040132
 0.000176; 0.002535; 0.003186; 0.001282;-0.000158;-0.000772;-0.000992;-0.001066;-0.097949
-0.000027;-0.000352; 0.002286; 0.007347; 0.010278; 0.011429; 0.011828; 0.011961; 0.006789
 0.000019;-0.000616;-0.001527;-0.001509;-0.001789;-0.001984;-0.002064;-0.002092;-0.081549
-0.000008;-0.000841;-0.007130;-0.013267;-0.015578;-0.016293;-0.016518;-0.016590;-0.008910
-0.000050; 0.000179; 0.003558; 0.006818; 0.008188; 0.008647; 0.008797; 0.008846; 0.067697
-0.000086;-0.001776;-0.005361;-0.008272;-0.009637;-0.010149;-0.010324;-0.010383; 0.019663
 0.000258; 0.004477; 0.009513; 0.010371; 0.009746; 0.009353; 0.009200; 0.009147;-0.135680
 0.000032; 0.000062;-0.000543;-0.000242; 0.000342; 0.000647; 0.000763; 0.000803;-0.055127
 0.000193; 0.002944; 0.007571; 0.009929; 0.010463; 0.010584; 0.010618; 0.010629;-0.120323
-0.000250;-0.003510;-0.007527;-0.010755;-0.012432;-0.013094;-0.013326;-0.013403; 0.182161
-0.000089;-0.001037;-0.002994;-0.004911;-0.005617;-0.005831;-0.005898;-0.005920; 0.073846
-0.000231;-0.001853;-0.002495;-0.003331;-0.003368;-0.003287;-0.003246;-0.003231; 0.255069
-0.000492;-0.007163;-0.010801;-0.009164;-0.007334;-0.006474;-0.006158;-0.006051; 0.274536
-0.000079;-0.001033;-0.003605;-0.006092;-0.006862;-0.007030;-0.007070;-0.007081; 0.074504
-0.000041; 0.000052; 0.005124; 0.010321; 0.012163; 0.012683; 0.012837; 0.012885; 0.030065
 0.000374; 0.005464; 0.013024; 0.018101; 0.019691; 0.020107; 0.020225; 0.020262;-0.263804
 0.000426; 0.006046; 0.012111; 0.015575; 0.016537; 0.016742; 0.016791; 0.016805;-0.261205
-0.000079;-0.000254;-0.000776;-0.001942;-0.002142;-0.002113;-0.002088;-0.002078; 0.086322
 0.000033;-0.000015; 0.000196; 0.001843; 0.002911; 0.003338; 0.003487; 0.003537;-0.034723
 0.000155; 0.001926; 0.003315; 0.002535; 0.001529; 0.001072; 0.000907; 0.000851;-0.105884
-0.000082;-0.001578;-0.001704;-0.002123;-0.003136;-0.003684;-0.003893;-0.003965; 0.016998
-0.000011; 0.000107;-0.001085;-0.002742;-0.003526;-0.003818;-0.003919;-0.003952; 0.060048
 0.000501; 0.007550; 0.015622; 0.018768; 0.019122; 0.019060; 0.019015; 0.018997;-0.294352
 0.000149; 0.001294;-0.000158;-0.002665;-0.004201;-0.004839;-0.005065;-0.005141;-0.136793
 0.000088; 0.002477; 0.004037; 0.003478; 0.003297; 0.003273; 0.003271; 0.003271; 0.024878
 0.000019;-0.000616;-0.001527;-0.001509;-0.001789;-0.001984;-0.002064;-0.002092;-0.081549
 0.000031;-0.000115;-0.002444;-0.004280;-0.004767;-0.004856;-0.004874;-0.004878;-0.029199
 0.000374; 0.004329; 0.005307; 0.004288; 0.003467; 0.003107; 0.002978; 0.002934;-0.257668
-0.000220;-0.002778;-0.002826;-0.000604; 0.000654; 0.001108; 0.001258; 0.001308; 0.145289
 0.000095; 0.000785; 0.004153; 0.006818; 0.007179; 0.007133; 0.007094; 0.007079;-0.126350
-0.000088;-0.000924;-0.003801;-0.007111;-0.008508;-0.008978;-0.009131;-0.009182; 0.087788
-0.000309;-0.004494;-0.008238;-0.009328;-0.009384;-0.009328;-0.009298;-0.009287; 0.171120
-0.000236;-0.003342;-0.002963;-0.000643; 0.000213; 0.000450; 0.000519; 0.000541; 0.112902
-0.000284;-0.004481;-0.006273;-0.005459;-0.005160;-0.005101;-0.005088;-0.005085; 0.117571
 0.000149; 0.001294;-0.000158;-0.002665;-0.004201;-0.004839;-0.005065;-0.005141;-0.136793
 0.000272; 0.004547; 0.006164; 0.004435; 0.003391; 0.002988; 0.002849; 0.002803;-0.094256
 0.000388; 0.005253; 0.010393; 0.013130; 0.014272; 0.014719; 0.014878; 0.014931;-0.251801
 0.000310; 0.004652; 0.007129; 0.006911; 0.006504; 0.006296; 0.006217; 0.006190;-0.170551
-0.000090;-0.000885;-0.005185;-0.010445;-0.012556;-0.013227;-0.013441;-0.013510; 0.096331
 0.000014;-0.000356;-0.000059;-0.000437;-0.001370;-0.001866;-0.002055;-0.002119;-0.064792
-0.000268;-0.003137;-0.006517;-0.008509;-0.008866;-0.008887;-0.008879;-0.008875; 0.251961
 0.000072; 0.000505; 0.001964; 0.001860; 0.000601;-0.000106;-0.000378;-0.000472;-0.105239
 0.000140; 0.001363; 0.002299; 0.003364; 0.003588; 0.003588; 0.003575; 0.003570;-0.114352
-0.000067;-0.001955;-0.005672;-0.008864;-0.010627;-0.011328;-0.011573;-0.011655;-0.017677
-0.000225;-0.004602;-0.009597;-0.011064;-0.011524;-0.011697;-0.011758;-0.011778; 0.056355
-0.000012; 0.000530;-0.002123;-0.006879;-0.009063;-0.009815;-0.010063;-0.010145; 0.069390
 0.000011; 0.000548; 0.004155; 0.007167; 0.008119; 0.008376; 0.008451; 0.008474;-0.023785
 0.000155; 0.002773; 0.007941; 0.012357; 0.014296; 0.014975; 0.015201; 0.015276;-0.068802
 0.000061; 0.000249; 0.000658; 0.000762; 0.000561; 0.000455; 0.000416; 0.000403;-0.090323
 0.000175; 0.001576; 0.002398; 0.003567; 0.003649; 0.003518; 0.003448; 0.003422;-0.165740
-0.000383;-0.005924;-0.012237;-0.016637;-0.018895;-0.019788;-0.020102;-0.020207; 0.207931
-0.000077; 0.000142; 0.001952; 0.003776; 0.005104; 0.005696; 0.005912; 0.005985; 0.112721
 0.000127; 0.000941; 0.001655; 0.002057; 0.001914; 0.001806; 0.001763; 0.001748;-0.140118
-0.000006; 0.000513;-0.000011;-0.001598;-0.002197;-0.002364;-0.002413;-0.002428; 0.036700
-0.000008;-0.000841;-0.007130;-0.013267;-0.015578;-0.016293;-0.016518;-0.016590;-0.008910
 0.000505; 0.006506; 0.007825; 0.003864; 0.000971;-0.000246;-0.000678;-0.000823;-0.344309
 0.000278; 0.004143; 0.006270; 0.004226; 0.002369; 0.001558; 0.001268; 0.001170;-0.156878
-0.000010; 0.000581;-0.002123;-0.006023;-0.007491;-0.007938;-0.008077;-0.008122; 0.100567
-0.000240;-0.003533;-0.007253;-0.009077;-0.009597;-0.009741;-0.009786;-0.009800; 0.141572
-0.000451;-0.006566;-0.014865;-0.019963;-0.021222;-0.021443;-0.021485;-0.021495; 0.315440
-0.000247;-0.003692;-0.010038;-0.015093;-0.016930;-0.017491;-0.017666;-0.017723; 0.186594
 0.000137; 0.002683; 0.005368; 0.005930; 0.006056; 0.006109; 0.006129; 0.006136;-0.056524
-0.000321;-0.003819;-0.006898;-0.007887;-0.007588;-0.007330;-0.007222;-0.007185; 0.263835
-0.000073;-0.000537; 0.001043; 0.001867; 0.001619; 0.001401; 0.001310; 0.001279; 0.032178
-0.000250;-0.002778;-0.004287;-0.004360;-0.003834;-0.003526;-0.003407;-0.003365; 0.208811
 0.000146; 0.001658; 0.001842; 0.002080; 0.002386; 0.002526; 0.002576; 0.002593;-0.097886
 0.000257; 0.003241; 0.005120; 0.004841; 0.004276; 0.004013; 0.003918; 0.003886;-0.176320
 0.000308; 0.004205; 0.005561; 0.003556; 0.001927; 0.001222; 0.000969; 0.000884;-0.219331
-0.000213;-0.002829;-0.004236;-0.004032;-0.003657;-0.003474;-0.003406;-0.003383; 0.108344
-0.000327;-0.005347;-0.009257;-0.008006;-0.006318;-0.005517;-0.005222;-0.005122; 0.165995
-0.000201;-0.002594;-0.003257;-0.002029;-0.001037;-0.000599;-0.000440;-0.000387; 0.137253
-0.000073;-0.000537; 0.001043; 0.001867; 0.001619; 0.001401; 0.001310; 0.001279; 0.032178
-0.000098;-0.001217;-0.003657;-0.005193;-0.005301;-0.005212;-0.005165;-0.005147; 0.086029
-0.000203;-0.002294;-0.004144;-0.006148;-0.007151;-0.007515;-0.007637;-0.007677; 0.179981
 0.000144; 0.002012; 0.006034; 0.010444; 0.012512; 0.013254; 0.013503; 0.013585;-0.086051
-0.000231;-0.003033;-0.005761;-0.006104;-0.005570;-0.005257;-0.005137;-0.005095; 0.177597
 0.000041; 0.000687; 0.002764; 0.002818; 0.001990; 0.001543; 0.001374; 0.001316;-0.026358
 0.000033;-0.000015; 0.000196; 0.001843; 0.002911; 0.003338; 0.003487; 0.003537;-0.034723
 0.000098; 0.001829;-0.001613;-0.006343;-0.007801;-0.008150;-0.008243;-0.008271; 0.000468
 0.000026; 0.000198; 0.003573; 0.007200; 0.008432; 0.008775; 0.008876; 0.008907;-0.059767
-0.000232;-0.003508;-0.006618;-0.007164;-0.006823;-0.006597;-0.006508;-0.006478; 0.144959
 0.000198; 0.001875; 0.001269;-0.000532;-0.001680;-0.002137;-0.002296;-0.002348;-0.174093
 0.000144; 0.002012; 0.006034; 0.010444; 0.012512; 0.013254; 0.013503; 0.013585;-0.086051
 0.000177; 0.002544; 0.004397; 0.004676; 0.004536; 0.004442; 0.004405; 0.004392;-0.105507
 0.000154; 0.002407; 0.004790; 0.005098; 0.004727; 0.004503; 0.004415; 0.004385;-0.103741
 0.000087; 0.000410;-0.001206;-0.002879;-0.003635;-0.003890;-0.003973;-0.004000;-0.116324
-0.000121;-0.002532;-0.004800;-0.005232;-0.005520;-0.005682;-0.005746;-0.005769; 0.029236
-0.000147;-0.001664;-0.002907;-0.002818;-0.002166;-0.001810;-0.001674;-0.001627; 0.146216
-0.000347;-0.003937;-0.007765;-0.010943;-0.012079;-0.012397;-0.012491;-0.012520; 0.292604
 0.000061; 0.000249; 0.000658; 0.000762; 0.000561; 0.000455; 0.000416; 0.000403;-0.090323
 0.000392; 0.004882; 0.004132; 0.000975;-0.000330;-0.000731;-0.000855;-0.000894;-0.270750
-0.000240;-0.003533;-0.007253;-0.009077;-0.009597;-0.009741;-0.009786;-0.009800; 0.141572
 0.000184; 0.002630; 0.010087; 0.016423; 0.018336; 0.018804; 0.018931; 0.018969;-0.181740
 0.000025; 0.001102; 0.001523; 0.000474;-0.000048;-0.000229;-0.000289;-0.000309; 0.051719
-0.000154;-0.002274;-0.004844;-0.006801;-0.007728;-0.008067;-0.008181;-0.008219; 0.107972
 0.000125; 0.002091; 0.008118; 0.012279; 0.013164; 0.013288; 0.013304; 0.013307;-0.116752
-0.000115;-0.002146;-0.005512;-0.008597;-0.010224;-0.010853;-0.011070;-0.011143; 0.042091
 0.000120; 0.001927; 0.002724; 0.001365; 0.000131;-0.000440;-0.000650;-0.000722;-0.062236
-0.000088;-0.000924;-0.003801;-0.007111;-0.008508;-0.008978;-0.009131;-0.009182; 0.087788
-0.000212;-0.002761;-0.004398;-0.005927;-0.006789;-0.007104;-0.007208;-0.007242; 0.152992
 0.000109; 0.002217; 0.004202; 0.004726; 0.005185; 0.005429; 0.005523; 0.005556;-0.042094
-0.000347;-0.003937;-0.007765;-0.010943;-0.012079;-0.012397;-0.012491;-0.012520; 0.292604
 0.000308; 0.004205; 0.005561; 0.003556; 0.001927; 0.001222; 0.000969; 0.000884;-0.219331
-0.000136;-0.001618;-0.000203; 0.003946; 0.006612; 0.007698; 0.008078; 0.008206; 0.070190
 0.000120; 0.001927; 0.002724; 0.001365; 0.000131;-0.000440;-0.000650;-0.000722;-0.062236
 0.000144; 0.002012; 0.006034; 0.010444; 0.012512; 0.013254; 0.013503; 0.013585;-0.086051
-0.000098;-0.000352;-0.000302;-0.000765;-0.000797;-0.000761;-0.000743;-0.000736; 0.156314
 0.000198; 0.002881; 0.004690; 0.003720; 0.002703; 0.002251; 0.002088; 0.002033;-0.130694
 0.000388; 0.005253; 0.010393; 0.013130; 0.014272; 0.014719; 0.014878; 0.014931;-0.251801
 0.000072; 0.000505; 0.001964; 0.001860; 0.000601;-0.000106;-0.000378;-0.000472;-0.105239
-0.000003;-0.000610;-0.000913;-0.000917;-0.001368;-0.001645;-0.001754;-0.001792;-0.037108
 0.000140; 0.002463; 0.007087; 0.009935; 0.010579; 0.010677; 0.010691; 0.010694;-0.093215
 0.000146; 0.001658; 0.001842; 0.002080; 0.002386; 0.002526; 0.002576; 0.002593;-0.097886
 0.000103; 0.001611; 0.000747;-0.000799;-0.000978;-0.000903;-0.000857;-0.000840;-0.062975
-0.000073;-0.000537; 0.001043; 0.001867; 0.001619; 0.001401; 0.001310; 0.001279; 0.032178
-0.000081;-0.000590; 0.001711; 0.005610; 0.007620; 0.008339; 0.008579; 0.008657; 0.087436
-0.000321;-0.003819;-0.006898;-0.007887;-0.007588;-0.007330;-0.007222;-0.007185; 0.263835
 0.000125; 0.002091; 0.008118; 0.012279; 0.013164; 0.013288; 0.013304; 0.013307;-0.116752
 0.000064; 0.000932; 0.001254; 0.000419;-0.000285;-0.000597;-0.000711;-0.000749;-0.042053
 0.000235; 0.003843; 0.008667; 0.010878; 0.011422; 0.011554; 0.011591; 0.011603;-0.152088
 0.000023; 0.000131;-0.003198;-0.006976;-0.008493;-0.008983;-0.009140;-0.009191;-0.013755
-0.000215;-0.002540;-0.005595;-0.008164;-0.008895;-0.009039;-0.009070;-0.009078; 0.205204
 0.000278; 0.004143; 0.006270; 0.004226; 0.002369; 0.001558; 0.001268; 0.001170;-0.156878
-0.000134;-0.002789;-0.002492; 0.000164; 0.001169; 0.001457; 0.001543; 0.001570;-0.000600
 0.000101; 0.001403; 0.002000; 0.001896; 0.001890; 0.001910; 0.001920; 0.001924;-0.066851
-0.000073;-0.000537; 0.001043; 0.001867; 0.001619; 0.001401; 0.001310; 0.001279; 0.032178
-0.000144;-0.003211;-0.004765;-0.004032;-0.003926;-0.003964;-0.003987;-0.003996;-0.002010
 0.000241; 0.002945; 0.004596; 0.004226; 0.003439; 0.003041; 0.002892; 0.002842;-0.191226
-0.000009;-0.000393;-0.004756;-0.011009;-0.014229;-0.015420;-0.015822;-0.015956; 0.011510
 0.000072; 0.000505; 0.001964; 0.001860; 0.000601;-0.000106;-0.000378;-0.000472;-0.105239
-0.000004;-0.001002;-0.005074;-0.008551;-0.009908;-0.010340;-0.010477;-0.010522;-0.032188
 0.000374; 0.005464; 0.013024; 0.018101; 0.019691; 0.020107; 0.020225; 0.020262;-0.263804
-0.000061;-0.001260; 0.000182; 0.003140; 0.004528; 0.005021; 0.005187; 0.005241;-0.033179
-0.000154;-0.002274;-0.004844;-0.006801;-0.007728;-0.008067;-0.008181;-0.008219; 0.107972
 0.000107; 0.000883; 0.005094; 0.008911; 0.009870; 0.010054; 0.010095; 0.010106;-0.139610
 0.000137; 0.002683; 0.005368; 0.005930; 0.006056; 0.006109; 0.006129; 0.006136;-0.056524
-0.000035; 0.000733; 0.002322; 0.003353; 0.004013; 0.004284; 0.004378; 0.004410; 0.123455
 0.000020;-0.000758;-0.005474;-0.010306;-0.012511;-0.013283;-0.013539;-0.013623;-0.081359
 0.000220; 0.003341; 0.009199; 0.014572; 0.016944; 0.017769; 0.018043; 0.018133;-0.165453
 0.000036;-0.000140; 0.000566; 0.000791; 0.000447; 0.000249; 0.000174; 0.000148;-0.076450
-0.000322;-0.004691;-0.008339;-0.008390;-0.007504;-0.007014;-0.006825;-0.006761; 0.200185
-0.000205;-0.002807;-0.005169;-0.005024;-0.004284;-0.003905;-0.003763;-0.003715; 0.154449
 0.000177; 0.003224; 0.007952; 0.009543; 0.009398; 0.009189; 0.009099; 0.009066;-0.084736
 0.000223; 0.002829; 0.004081; 0.004225; 0.004203; 0.004188; 0.004183; 0.004182;-0.157120
 0.000073; 0.001538; 0.001305; 0.001184; 0.001923; 0.002361; 0.002531; 0.002590; 0.006097
 0.000038; 0.001741; 0.001615; 0.000781; 0.001215; 0.001563; 0.001707; 0.001757; 0.077195
-0.000239;-0.003301;-0.005355;-0.003042;-0.000373; 0.000898; 0.001368; 0.001527; 0.152652
-0.000057;-0.000432; 0.000290; 0.001016; 0.001198; 0.001214; 0.001211; 0.001210; 0.056602
-0.000205;-0.002807;-0.005169;-0.005024;-0.004284;-0.003905;-0.003763;-0.003715; 0.154449
-0.000090;-0.001389;-0.005252;-0.009652;-0.011663;-0.012365;-0.012598;-0.012674; 0.081970
 0.000081; 0.000816; 0.004048; 0.007823; 0.009371; 0.009871; 0.010030; 0.010082;-0.100437
 0.000161; 0.001805; 0.003278; 0.004168; 0.004189; 0.004108; 0.004069; 0.004055;-0.128954
 0.000025; 0.001102; 0.001523; 0.000474;-0.000048;-0.000229;-0.000289;-0.000309; 0.051719
 0.000388; 0.005622; 0.010501; 0.013610; 0.014970; 0.015438; 0.015591; 0.015642;-0.227455
-0.000278;-0.003001;-0.002743;-0.001952;-0.001886;-0.001940;-0.001970;-0.001981; 0.205156
 0.000204; 0.001493; 0.001755; 0.002065; 0.002087; 0.002080; 0.002077; 0.002075;-0.238565
 0.000063; 0.000294; 0.002061; 0.004597; 0.005509; 0.005761; 0.005835; 0.005858;-0.087799
 0.000081; 0.000816; 0.004048; 0.007823; 0.009371; 0.009871; 0.010030; 0.010082;-0.100437
-0.000225;-0.004602;-0.009597;-0.011064;-0.011524;-0.011697;-0.011758;-0.011778; 0.056355
-0.000009; 0.001301; 0.002274; 0.002092; 0.002347; 0.002526; 0.002599; 0.002624; 0.106998
 0.000157; 0.001019;-0.001301;-0.004535;-0.006556;-0.007405;-0.007708;-0.007809;-0.175649
 0.000205; 0.002753; 0.004954; 0.004701; 0.003891; 0.003484; 0.003332; 0.003281;-0.147741
-0.000004;-0.001002;-0.005074;-0.008551;-0.009908;-0.010340;-0.010477;-0.010522;-0.032188
-0.000263;-0.003226;-0.005966;-0.006826;-0.006694;-0.006555;-0.006496;-0.006475; 0.205536
-0.000022;-0.000815;-0.000129; 0.000784; 0.000653; 0.000482; 0.000408; 0.000382;-0.029931
 0.000094; 0.001612; 0.005516; 0.009565; 0.011513; 0.012228; 0.012471; 0.012552;-0.036630
-0.000041;-0.000277; 0.000505;-0.000759;-0.002273;-0.002988;-0.003251;-0.003340; 0.012629
-0.000117;-0.002269;-0.003988;-0.003008;-0.002146;-0.001796;-0.001674;-0.001633; 0.035275
 0.000501; 0.007550; 0.015622; 0.018768; 0.019122; 0.019060; 0.019015; 0.018997;-0.294352
 0.000072; 0.000505; 0.001964; 0.001860; 0.000601;-0.000106;-0.000378;-0.000472;-0.105239
 0.000072; 0.001462; 0.003445; 0.002710; 0.001286; 0.000550; 0.000272; 0.000177;-0.029973
-0.000098;-0.001696;-0.003811;-0.005641;-0.006409;-0.006646;-0.006718;-0.006741; 0.059011
 0.000091;-0.000063;-0.001813;-0.003385;-0.004349;-0.004739;-0.004874;-0.004920;-0.143568
 0.000022; 0.000189; 0.001306; 0.003046; 0.003597; 0.003693; 0.003708; 0.003712;-0.062495
 0.000150; 0.002036; 0.007988; 0.012807; 0.013922; 0.014074; 0.014090; 0.014091;-0.140637
 0.000033; 0.001358; 0.002234; 0.001630; 0.001482; 0.001481; 0.001488; 0.001492; 0.045030
-0.000028;-0.000528;-0.001117;-0.001340;-0.001213;-0.001107;-0.001063;-0.001048; 0.000296
 0.000158; 0.001940; 0.002134; 0.000309;-0.001048;-0.001623;-0.001827;-0.001896;-0.119206
-0.000108;-0.000678;-0.002145;-0.005217;-0.006758;-0.007305;-0.007487;-0.007547; 0.145522
-0.000063;-0.000995;-0.004438;-0.007227;-0.007863;-0.007946;-0.007954;-0.007954; 0.071630
-0.000039;-0.000311;-0.000206; 0.000341; 0.000730; 0.000889; 0.000944; 0.000962; 0.035796
 0.000030; 0.000078;-0.001623;-0.003145;-0.003715;-0.003901;-0.003961;-0.003981;-0.039860
-0.000232;-0.003508;-0.006618;-0.007164;-0.006823;-0.006597;-0.006508;-0.006478; 0.144959
 0.000026; 0.000417; 0.001510; 0.002974; 0.003779; 0.004091; 0.004199; 0.004234;-0.031026
-0.000057;-0.000432; 0.000290; 0.001016; 0.001198; 0.001214; 0.001211; 0.001210; 0.056602
-0.000203;-0.002294;-0.004144;-0.006148;-0.007151;-0.007515;-0.007637;-0.007677; 0.179981
 0.000171; 0.002179; 0.007669; 0.012280; 0.013639; 0.013963; 0.014050; 0.014076;-0.173064
 0.000099; 0.001466; 0.006879; 0.011980; 0.013657; 0.014106; 0.014236; 0.014277;-0.086616
 0.000136; 0.002598; 0.004100; 0.003650; 0.003543; 0.003558; 0.003572; 0.003577;-0.016778
 0.000121; 0.002218; 0.004430; 0.006301; 0.007101; 0.007330; 0.007397; 0.007417;-0.031948
 0.000077; 0.000644;-0.001541;-0.004661;-0.006253;-0.006855;-0.007062;-0.007131;-0.023557
 0.000263; 0.003480; 0.005734; 0.004250; 0.002383; 0.001492; 0.001164; 0.001052;-0.177895
 0.000045; 0.000455; 0.003862; 0.007793; 0.009466; 0.010039; 0.010228; 0.010291;-0.057274
 0.000117; 0.001521; 0.001702; 0.001422; 0.001540; 0.001645; 0.001689; 0.001705;-0.055668
 0.000073; 0.001160; 0.001761; 0.002693; 0.003568; 0.003971; 0.004118; 0.004168;-0.046243
-0.000078;-0.001189;-0.004636;-0.008223;-0.009796;-0.010338;-0.010517;-0.010576; 0.055450
-0.000086;-0.000776;-0.001365;-0.000098; 0.001527; 0.002322; 0.002617; 0.002718; 0.095838
 0.000079; 0.001528; 0.002811; 0.003494; 0.003886; 0.004041; 0.004095; 0.004112;-0.028525
-0.000231;-0.003033;-0.005761;-0.006104;-0.005570;-0.005257;-0.005137;-0.005095; 0.177597
-0.000234;-0.002406; 0.001126; 0.006472; 0.008850; 0.009655; 0.009917; 0.010003; 0.174566
 0.000364; 0.004611; 0.009045; 0.010858; 0.010813; 0.010631; 0.010548; 0.010518;-0.292004
-0.000106;-0.001009;-0.000259; 0.002290; 0.004320; 0.005234; 0.005566; 0.005679; 0.096941
-0.000242;-0.001841;-0.001405; 0.000588; 0.002352; 0.003156; 0.003449; 0.003549; 0.250620
-0.000153;-0.002885;-0.005120;-0.005023;-0.004758;-0.004631;-0.004584;-0.004568; 0.050347
-0.000461;-0.007024;-0.015666;-0.019920;-0.020683;-0.020725;-0.020707;-0.020698; 0.276369
 0.000127; 0.000941; 0.001655; 0.002057; 0.001914; 0.001806; 0.001763; 0.001748;-0.140118
-0.000230;-0.002616;-0.004211;-0.004217;-0.003494;-0.003085;-0.002927;-0.002873; 0.198605
 0.000220; 0.003341; 0.009199; 0.014572; 0.016944; 0.017769; 0.018043; 0.018133;-0.165453
-0.000018;-0.000348;-0.000421; 0.000165; 0.000707; 0.000965; 0.001060; 0.001093; 0.012270
 0.000158; 0.001940; 0.002134; 0.000309;-0.001048;-0.001623;-0.001827;-0.001896;-0.119206
 0.000210; 0.002301; 0.005383; 0.006646; 0.006190; 0.005821; 0.005670; 0.005617;-0.203836
-0.000115;-0.002095;-0.004073;-0.005189;-0.005852;-0.006128;-0.006227;-0.006260; 0.041708
 0.000248; 0.004323; 0.010180; 0.013027; 0.013778; 0.013968; 0.014022; 0.014038;-0.141265
-0.000212;-0.002761;-0.004398;-0.005927;-0.006789;-0.007104;-0.007208;-0.007242; 0.152992
 0.000252; 0.002931; 0.003331; 0.002232; 0.001322; 0.000911; 0.000761; 0.000710;-0.214980
-0.000077; 0.000142; 0.001952; 0.003776; 0.005104; 0.005696; 0.005912; 0.005985; 0.112721
-0.000185;-0.002130;-0.004567;-0.005639;-0.005379;-0.005131;-0.005027;-0.004991; 0.154567
-0.000054;-0.000924; 0.001540; 0.004793; 0.005714; 0.005892; 0.005930; 0.005940; 0.011973
-0.000451;-0.006566;-0.014865;-0.019963;-0.021222;-0.021443;-0.021485;-0.021495; 0.315440
-0.000077; 0.000142; 0.001952; 0.003776; 0.005104; 0.005696; 0.005912; 0.005985; 0.112721
-0.000232;-0.003508;-0.006618;-0.007164;-0.006823;-0.006597;-0.006508;-0.006478; 0.144959
 0.000064; 0.000932; 0.001254; 0.000419;-0.000285;-0.000597;-0.000711;-0.000749;-0.042053
 0.000099; 0.002845; 0.006045; 0.006946; 0.007736; 0.008162; 0.008327; 0.008384; 0.038395
-0.000054;-0.000924; 0.001540; 0.004793; 0.005714; 0.005892; 0.005930; 0.005940; 0.011973
-0.000144;-0.003211;-0.004765;-0.004032;-0.003926;-0.003964;-0.003987;-0.003996;-0.002010
 0.000223; 0.002829; 0.004081; 0.004225; 0.004203; 0.004188; 0.004183; 0.004182;-0.157120
-0.000137;-0.001306;-0.001291;-0.000061; 0.001321; 0.002014; 0.002275; 0.002365; 0.128132
-0.000028;-0.000528;-0.001117;-0.001340;-0.001213;-0.001107;-0.001063;-0.001048; 0.000296
-0.000220;-0.002778;-0.002826;-0.000604; 0.000654; 0.001108; 0.001258; 0.001308; 0.145289
-0.000309;-0.004786;-0.009134;-0.009659;-0.008939;-0.008504;-0.008334;-0.008276; 0.159039
 0.000248; 0.002914; 0.006026; 0.007319; 0.007120; 0.006897; 0.006803; 0.006769;-0.208133
 0.000041; 0.000687; 0.002764; 0.002818; 0.001990; 0.001543; 0.001374; 0.001316;-0.026358
 0.000091;-0.000063;-0.001813;-0.003385;-0.004349;-0.004739;-0.004874;-0.004920;-0.143568
-0.000077;-0.001050;-0.006538;-0.011972;-0.013709;-0.014147;-0.014267;-0.014304; 0.107291
-0.000263;-0.003226;-0.005966;-0.006826;-0.006694;-0.006555;-0.006496;-0.006475; 0.205536
 0.000220; 0.003200; 0.004824; 0.003844; 0.002977; 0.002606; 0.002474; 0.002430;-0.124700
 0.000121; 0.002218; 0.004430; 0.006301; 0.007101; 0.007330; 0.007397; 0.007417;-0.031948
-0.000039;-0.001309;-0.008105;-0.013520;-0.015082;-0.015444;-0.015539;-0.015566; 0.028185
-0.000268;-0.003137;-0.006517;-0.008509;-0.008866;-0.008887;-0.008879;-0.008875; 0.251961
 0.000039; 0.000841;-0.001971;-0.006177;-0.007956;-0.008540;-0.008729;-0.008790; 0.032970
-0.000327;-0.005347;-0.009257;-0.008006;-0.006318;-0.005517;-0.005222;-0.005122; 0.165995
 0.000095; 0.000785; 0.004153; 0.006818; 0.007179; 0.007133; 0.007094; 0.007079;-0.126350
-0.000105;-0.000059; 0.001851; 0.002317; 0.002649; 0.002856; 0.002940; 0.002969; 0.125092
 0.000036;-0.000140; 0.000566; 0.000791; 0.000447; 0.000249; 0.000174; 0.000148;-0.076450
 0.000101; 0.001403; 0.002000; 0.001896; 0.001890; 0.001910; 0.001920; 0.001924;-0.066851
 0.000389; 0.004802; 0.006134; 0.004866; 0.004019; 0.003692; 0.003581; 0.003544;-0.263553
 0.000009; 0.000020;-0.001652;-0.002956;-0.003321;-0.003411;-0.003435;-0.003443; 0.002979
-0.000134;-0.002050;-0.001858; 0.000432; 0.001576; 0.001963; 0.002088; 0.002129; 0.066997
 0.000379; 0.004936; 0.008866; 0.010717; 0.011113; 0.011163; 0.011168; 0.011168;-0.296612
-0.000057;-0.000432; 0.000290; 0.001016; 0.001198; 0.001214; 0.001211; 0.001210; 0.056602
-0.000050; 0.000179; 0.003558; 0.006818; 0.008188; 0.008647; 0.008797; 0.008846; 0.067697
-0.000022;-0.000815;-0.000129; 0.000784; 0.000653; 0.000482; 0.000408; 0.000382;-0.029931
-0.000012; 0.000530;-0.002123;-0.006879;-0.009063;-0.009815;-0.010063;-0.010145; 0.069390
 0.000136; 0.002657; 0.003466; 0.001433; 0.000368; 0.000009;-0.000107;-0.000145;-0.022791
-0.000072;-0.000150; 0.000376; 0.000533; 0.000708; 0.000800; 0.000835; 0.000847; 0.098560
 0.000142; 0.001054; 0.003243; 0.004859; 0.004751; 0.004521; 0.004418; 0.004381;-0.191779
 0.000020;-0.000758;-0.005474;-0.010306;-0.012511;-0.013283;-0.013539;-0.013623;-0.081359
 0.000154; 0.002407; 0.004790; 0.005098; 0.004727; 0.004503; 0.004415; 0.004385;-0.103741
-0.000132;-0.002433;-0.007085;-0.010320;-0.011398;-0.011710;-0.011806;-0.011836; 0.080603
-0.000278;-0.004425;-0.013667;-0.022253;-0.025907;-0.027156;-0.027568;-0.027703; 0.174307
 0.000505; 0.006506; 0.007825; 0.003864; 0.000971;-0.000246;-0.000678;-0.000823;-0.344309
-0.000078;-0.001189;-0.004636;-0.008223;-0.009796;-0.010338;-0.010517;-0.010576; 0.055450
-0.000086;-0.000776;-0.001365;-0.000098; 0.001527; 0.002322; 0.002617; 0.002718; 0.095838
 0.000400; 0.005705; 0.013452; 0.018142; 0.019172; 0.019305; 0.019318; 0.019318;-0.275960
 0.000018; 0.000030; 0.002240; 0.005232; 0.006455; 0.006844; 0.006968; 0.007008;-0.043868
-0.000153;-0.001922;-0.002506;-0.003637;-0.004854;-0.005454;-0.005680;-0.005757; 0.105947
-0.000195;-0.002666;-0.003899;-0.003006;-0.002185;-0.001834;-0.001710;-0.001668; 0.123053
-0.000134;-0.002789;-0.002492; 0.000164; 0.001169; 0.001457; 0.001543; 0.001570;-0.000600
 0.000197; 0.002353;-0.001257;-0.007682;-0.011006;-0.012256;-0.012684;-0.012826;-0.091046
 0.000220; 0.003341; 0.009199; 0.014572; 0.016944; 0.017769; 0.018043; 0.018133;-0.165453
-0.000044;-0.001008;-0.002620;-0.003505;-0.003591;-0.003544;-0.003517;-0.003506; 0.004160
-0.000008;-0.000841;-0.007130;-0.013267;-0.015578;-0.016293;-0.016518;-0.016590;-0.008910
 0.000073; 0.001538; 0.001305; 0.001184; 0.001923; 0.002361; 0.002531; 0.002590; 0.006097
 0.000218; 0.003192; 0.009095; 0.013970; 0.015722; 0.016247; 0.016410; 0.016462;-0.151966
-0.000035; 0.000733; 0.002322; 0.003353; 0.004013; 0.004284; 0.004378; 0.004410; 0.123455
 0.000050; 0.001455; 0.003723; 0.003577; 0.002913; 0.002572; 0.002443; 0.002399; 0.006163
-0.000063;-0.000995;-0.004438;-0.007227;-0.007863;-0.007946;-0.007954;-0.007954; 0.071630
 0.000121; 0.002218; 0.004430; 0.006301; 0.007101; 0.007330; 0.007397; 0.007417;-0.031948
-0.000150;-0.002426;-0.003346;-0.001773;-0.000566;-0.000053; 0.000130; 0.000192; 0.087295
-0.000287;-0.003787;-0.003418;-0.000433; 0.001147; 0.001728; 0.001924; 0.001989; 0.156221
-0.000041; 0.000554; 0.000771;-0.000721;-0.001376;-0.001567;-0.001624;-0.001642; 0.109092
 0.000063; 0.001393; 0.003408; 0.004197; 0.004331; 0.004346; 0.004347; 0.004347; 0.003276
-0.000492;-0.007163;-0.010801;-0.009164;-0.007334;-0.006474;-0.006158;-0.006051; 0.274536
-0.000004;-0.000699; 0.000259; 0.001683; 0.001848; 0.001798; 0.001767; 0.001755;-0.062631
-0.000035; 0.000567; 0.005091; 0.009124; 0.010863; 0.011475; 0.011680; 0.011747; 0.067327
-0.000210;-0.002633;-0.003700;-0.003712;-0.003718;-0.003739;-0.003749;-0.003753; 0.176707
 0.000257; 0.003241; 0.005120; 0.004841; 0.004276; 0.004013; 0.003918; 0.003886;-0.176320
-0.000161;-0.002678;-0.008135;-0.011427;-0.012122;-0.012223;-0.012237;-0.012240; 0.086808
 0.000221; 0.002764; 0.006815; 0.009620; 0.010375; 0.010545; 0.010589; 0.010602;-0.182633
 0.000257; 0.003241; 0.005120; 0.004841; 0.004276; 0.004013; 0.003918; 0.003886;-0.176320
 0.000024; 0.001438; 0.006664; 0.012611; 0.015850; 0.017114; 0.017553; 0.017699; 0.037796
 0.000176; 0.002535; 0.003186; 0.001282;-0.000158;-0.000772;-0.000992;-0.001066;-0.097949
-0.000012;-0.000088;-0.003282;-0.008123;-0.010609;-0.011539;-0.011856;-0.011961; 0.041256
