 0.000113; 0.001227; 0.002869; 0.001572;-0.000231;-0.001081;-0.001392;-0.001497;-0.117251
 0.000137; 0.001404; 0.000694;-0.001158;-0.002619;-0.003299;-0.003550;-0.003635;-0.103909
 0.000042; 0.000356;-0.001033;-0.002931;-0.003640;-0.003841;-0.003900;-0.003919;-0.060124
-0.000451;-0.006395;-0.014117;-0.018737;-0.019927;-0.020166;-0.020220;-0.020235; 0.314371
 0.000226; 0.003394; 0.007733; 0.009846; 0.010357; 0.010485; 0.010523; 0.010534;-0.151167
-0.000240;-0.003158;-0.005611;-0.006910;-0.007393;-0.007548;-0.007597;-0.007613; 0.171857
-0.000041;-0.001341;-0.005565;-0.008161;-0.008619;-0.008629;-0.008611;-0.008603;-0.005440
-0.000191;-0.002239;-0.004249;-0.004595;-0.003740;-0.003199;-0.002984;-0.002909; 0.167928
 0.000233; 0.003027; 0.003030; 0.001315; 0.000349;-0.000039;-0.000176;-0.000222;-0.136027
 0.000270; 0.004008; 0.009180; 0.011152; 0.010930; 0.010625; 0.010493; 0.010445;-0.203535
-0.000392;-0.005678;-0.009557;-0.008931;-0.007673;-0.007058;-0.006831;-0.006754; 0.217460
 0.000097; 0.001025; 0.004200; 0.007485; 0.008564; 0.008849; 0.008931; 0.008957;-0.108333
 0.000039; 0.000484;-0.003173;-0.008566;-0.011049;-0.011905;-0.012187;-0.012279;-0.009893
-0.000098; 0.000214; 0.005410; 0.011289; 0.014468; 0.015711; 0.016143; 0.016287; 0.120102
-0.000152;-0.001296;-0.000237; 0.001619; 0.002750; 0.003215; 0.003379; 0.003434; 0.159210
-0.000030;-0.000477;-0.000666; 0.000330; 0.001131; 0.001477; 0.001601; 0.001643; 0.019254
 0.000285; 0.003459; 0.006792; 0.007530; 0.006608; 0.006006; 0.005766; 0.005683;-0.242969
-0.000018; 0.000562; 0.004933; 0.009397; 0.011281; 0.011913; 0.012118; 0.012185; 0.042345
-0.000019;-0.000136;-0.002530;-0.004814;-0.005598;-0.005843;-0.005921;-0.005947; 0.056557
-0.000029;-0.000415; 0.002538; 0.006304; 0.007861; 0.008369; 0.008532; 0.008585;-0.020281
-0.000199;-0.003038;-0.005858;-0.006537;-0.006381;-0.006245;-0.006189;-0.006169; 0.106284
-0.000034; 0.000124; 0.000261;-0.000982;-0.002106;-0.002635;-0.002830;-0.002897; 0.060507
 0.000260; 0.003535; 0.005548; 0.004569; 0.003188; 0.002508; 0.002255; 0.002168;-0.141629
 0.000094; 0.001884; 0.004246; 0.006065; 0.007055; 0.007440; 0.007572; 0.007616;-0.019806
 0.000078; 0.000641; 0.003799; 0.006393; 0.006770; 0.006730; 0.006692; 0.006677;-0.111395
-0.000129;-0.002281;-0.004904;-0.006694;-0.007422;-0.007644;-0.007712;-0.007734; 0.049400
 0.000244; 0.003022; 0.010387; 0.015851; 0.016836; 0.016857; 0.016818; 0.016800;-0.235087
-0.000069;-0.000834;-0.000435; 0.002019; 0.003881; 0.004686; 0.004974; 0.005071; 0.047981
-0.000029;-0.000415; 0.002538; 0.006304; 0.007861; 0.008369; 0.008532; 0.008585;-0.020281
 0.000067; 0.000425;-0.000451;-0.001821;-0.002765;-0.003177;-0.003325;-0.003375;-0.079313
-0.000139;-0.001369; 0.000432; 0.003423; 0.005133; 0.005833; 0.006081; 0.006164; 0.120619
 0.000134; 0.001130; 0.003618; 0.004908; 0.004642; 0.004384; 0.004277; 0.004239;-0.161962
 0.000039; 0.000484;-0.003173;-0.008566;-0.011049;-0.011905;-0.012187;-0.012279;-0.009893
-0.000030; 0.000218; 0.000261; 0.000137; 0.000487; 0.000717; 0.000810; 0.000842; 0.074902
-0.000327;-0.004134;-0.009708;-0.014123;-0.015932;-0.016560;-0.016770;-0.016840; 0.281124
-0.000465;-0.006707;-0.011786;-0.013202;-0.013292;-0.013231;-0.013198;-0.013186; 0.300972
-0.000154;-0.002786;-0.005809;-0.008314;-0.010089;-0.010882;-0.011171;-0.011268; 0.073176
 0.000285; 0.003459; 0.006792; 0.007530; 0.006608; 0.006006; 0.005766; 0.005683;-0.242969
-0.000029;-0.000415; 0.002538; 0.006304; 0.007861; 0.008369; 0.008532; 0.008585;-0.020281
 0.000151; 0.001467; 0.001701; 0.001770; 0.001684; 0.001618; 0.001591; 0.001582;-0.124693
-0.000042;-0.000998;-0.001083;-0.001493;-0.002244;-0.002638;-0.002787;-0.002838; 0.004234
 0.000482; 0.006512; 0.012712; 0.016228; 0.017309; 0.017595; 0.017677; 0.017702;-0.338893
 0.000162; 0.002200; 0.009006; 0.017434; 0.021271; 0.022587; 0.023018; 0.023159;-0.144295
-0.000240;-0.002387;-0.004109;-0.004844;-0.004820;-0.004755;-0.004727;-0.004716; 0.233939
 0.000089; 0.001136; 0.002839; 0.004012; 0.004114; 0.004041; 0.004000; 0.003985;-0.086685
 0.000300; 0.002824; 0.003547; 0.003634; 0.003216; 0.002954; 0.002850; 0.002814;-0.283226
-0.000010;-0.000035;-0.001394;-0.001965;-0.001535;-0.001236;-0.001115;-0.001074; 0.034331
-0.000093;-0.001064;-0.001493;-0.001251;-0.001106;-0.001063;-0.001051;-0.001047; 0.073097
-0.000240;-0.003158;-0.005611;-0.006910;-0.007393;-0.007548;-0.007597;-0.007613; 0.171857
 0.000101; 0.000687; 0.002044; 0.003130; 0.003034; 0.002870; 0.002798; 0.002772;-0.114214
 0.000120; 0.000605;-0.001566;-0.003950;-0.005507;-0.006194;-0.006444;-0.006528;-0.114271
-0.000400;-0.005804;-0.010383;-0.009967;-0.008163;-0.007186;-0.006813;-0.006684; 0.224129
-0.000212;-0.002979;-0.002321; 0.000218; 0.001222; 0.001529; 0.001624; 0.001655; 0.108208
 0.000096; 0.001354; 0.001269; 0.001547; 0.002515; 0.003068; 0.003283; 0.003358;-0.065033
 0.000043; 0.001199; 0.004561; 0.007494; 0.008712; 0.009119; 0.009252; 0.009295;-0.006541
-0.000108;-0.000201; 0.002078; 0.003964; 0.004824; 0.005126; 0.005226; 0.005258; 0.142800
 0.000055;-0.000009; 0.000132; 0.001954; 0.003088; 0.003529; 0.003681; 0.003731;-0.063327
-0.000068;-0.000558;-0.004512;-0.008760;-0.010038;-0.010326;-0.010399;-0.010420; 0.095225
 0.000184; 0.003228; 0.005725; 0.004907; 0.003792; 0.003263; 0.003069; 0.003003;-0.075905
 0.000044; 0.001481; 0.000577;-0.001991;-0.003072;-0.003432;-0.003550;-0.003589; 0.048862
-0.000316;-0.003672;-0.001749; 0.003342; 0.006048; 0.007041; 0.007376; 0.007486; 0.250837
 0.000100; 0.002070; 0.003603; 0.004180; 0.004622; 0.004828; 0.004904; 0.004930;-0.008010
 0.000261; 0.003144; 0.007420; 0.009260; 0.008998; 0.008688; 0.008555; 0.008508;-0.210630
 0.000039; 0.000484;-0.003173;-0.008566;-0.011049;-0.011905;-0.012187;-0.012279;-0.009893
-0.000142;-0.002540;-0.009838;-0.016500;-0.018864;-0.019534;-0.019734;-0.019796; 0.107186
 0.000076; 0.000858;-0.004338;-0.010445;-0.012663;-0.013313;-0.013510;-0.013573;-0.014232
-0.000627;-0.009616;-0.020918;-0.026958;-0.028686;-0.029120;-0.029242;-0.029279; 0.377425
-0.000205;-0.002750;-0.004324;-0.003488;-0.002631;-0.002262;-0.002132;-0.002088; 0.160715
-0.000286;-0.004042;-0.006526;-0.006471;-0.005935;-0.005649;-0.005541;-0.005504; 0.177038
 0.000054; 0.000850; 0.002655; 0.005392; 0.007082; 0.007776; 0.008021; 0.008103;-0.047567
 0.000047; 0.001164; 0.004322; 0.007319; 0.008726; 0.009236; 0.009408; 0.009465;-0.003716
-0.000136;-0.001663;-0.001303;-0.000153; 0.000441; 0.000679; 0.000763; 0.000791; 0.118695
-0.000034;-0.000831;-0.000826;-0.000048; 0.000188; 0.000234; 0.000244; 0.000247;-0.041575
-0.000155;-0.001174;-0.000253; 0.000658; 0.001184; 0.001412; 0.001494; 0.001522; 0.158694
 0.000100; 0.002070; 0.003603; 0.004180; 0.004622; 0.004828; 0.004904; 0.004930;-0.008010
 0.000095; 0.001323; 0.006285; 0.011776; 0.013922; 0.014583; 0.014789; 0.014855;-0.079341
 0.000137; 0.001404; 0.000694;-0.001158;-0.002619;-0.003299;-0.003550;-0.003635;-0.103909
-0.000130;-0.001478;-0.003499;-0.005975;-0.007063;-0.007417;-0.007530;-0.007566; 0.121712
 0.000244; 0.003022; 0.010387; 0.015851; 0.016836; 0.016857; 0.016818; 0.016800;-0.235087
-0.000430;-0.006053;-0.012158;-0.014970;-0.015533;-0.015611;-0.015622;-0.015624; 0.290866
 0.000080; 0.000807; 0.000529; 0.000140; 0.000145; 0.000195; 0.000219; 0.000228;-0.068049
 0.000188; 0.002486;-0.000358;-0.007225;-0.011184;-0.012735;-0.013272;-0.013452;-0.084050
-0.000179;-0.002050;-0.002748;-0.001804;-0.000668;-0.000113; 0.000093; 0.000164; 0.144139
 0.000539; 0.007370; 0.013162; 0.014413; 0.013919; 0.013545; 0.013394; 0.013340;-0.365474
 0.000142; 0.001729; 0.004969; 0.008438; 0.009908; 0.010403; 0.010565; 0.010618;-0.118416
-0.000010; 0.000369;-0.000476;-0.002020;-0.002604;-0.002787;-0.002845;-0.002864; 0.077018
 0.000015;-0.000443;-0.002445;-0.003325;-0.003369;-0.003325;-0.003303;-0.003295;-0.043399
-0.000142;-0.001742;-0.000506; 0.002303; 0.003689; 0.004181; 0.004345; 0.004398; 0.101232
-0.000041;-0.001341;-0.005565;-0.008161;-0.008619;-0.008629;-0.008611;-0.008603;-0.005440
-0.000430;-0.006053;-0.012158;-0.014970;-0.015533;-0.015611;-0.015622;-0.015624; 0.290866
-0.000071;-0.001890;-0.006052;-0.009194;-0.010416;-0.010806;-0.010930;-0.010970; 0.011934
 0.000118; 0.000981; 0.004088; 0.006532; 0.007057; 0.007146; 0.007164; 0.007169;-0.170890
 0.000399; 0.005882; 0.011969; 0.013986; 0.013700; 0.013359; 0.013212; 0.013160;-0.266577
-0.000424;-0.006378;-0.013348;-0.015688;-0.015578;-0.015332;-0.015222;-0.015183; 0.250221
-0.000030;-0.000477;-0.000666; 0.000330; 0.001131; 0.001477; 0.001601; 0.001643; 0.019254
 0.000042; 0.000356;-0.001033;-0.002931;-0.003640;-0.003841;-0.003900;-0.003919;-0.060124
 0.000288; 0.004292; 0.011564; 0.016645; 0.017950; 0.018189; 0.018237; 0.018249;-0.183031
 0.000078; 0.000641; 0.003799; 0.006393; 0.006770; 0.006730; 0.006692; 0.006677;-0.111395
 0.000483; 0.006221; 0.011589; 0.014820; 0.015883; 0.016174; 0.016259; 0.016286;-0.353831
 0.000160; 0.001148;-0.000359;-0.002472;-0.003724;-0.004229;-0.004406;-0.004465;-0.168167
 0.000190; 0.003101; 0.006647; 0.009218; 0.010596; 0.011146; 0.011339; 0.011404;-0.113928
 0.000201; 0.003492; 0.007986; 0.009335; 0.009030; 0.008734; 0.008608; 0.008564;-0.117730
-0.000220;-0.002423;-0.004695;-0.006422;-0.007247;-0.007584;-0.007705;-0.007746; 0.206896
 0.000284; 0.003570; 0.006644; 0.005520; 0.003508; 0.002520; 0.002154; 0.002030;-0.238079
 0.000034;-0.000142;-0.003157;-0.006165;-0.007513;-0.007998;-0.008162;-0.008216;-0.046557
 0.000173; 0.002397; 0.001771; 0.000836; 0.000888; 0.001001; 0.001051; 0.001068;-0.076047
 0.000171; 0.001904; 0.002851; 0.003166; 0.003292; 0.003351; 0.003373; 0.003381;-0.139445
-0.000386;-0.005931;-0.009240;-0.007284;-0.005300;-0.004401;-0.004075;-0.003965; 0.227065
-0.000008; 0.000041;-0.001345;-0.003839;-0.005185;-0.005699;-0.005876;-0.005934; 0.005717
 0.000163; 0.002509; 0.005704; 0.007189; 0.007303; 0.007230; 0.007191; 0.007176;-0.112240
-0.000190;-0.003056;-0.006986;-0.008029;-0.007481;-0.007081;-0.006919;-0.006863; 0.113138
-0.000201;-0.002235;-0.002821;-0.003923;-0.004864;-0.005278;-0.005428;-0.005478; 0.132394
 0.000079; 0.000064;-0.001759;-0.002877;-0.003382;-0.003583;-0.003653;-0.003677;-0.099114
-0.000023;-0.000375; 0.000348;-0.000075;-0.001233;-0.001859;-0.002099;-0.002181;-0.005341
 0.000312; 0.004722; 0.010344; 0.013227; 0.013837; 0.013925; 0.013937; 0.013939;-0.193245
-0.000108;-0.000201; 0.002078; 0.003964; 0.004824; 0.005126; 0.005226; 0.005258; 0.142800
 0.000285; 0.003459; 0.006792; 0.007530; 0.006608; 0.006006; 0.005766; 0.005683;-0.242969
 0.000195; 0.002094; 0.001503; 0.000110;-0.000801;-0.001204;-0.001351;-0.001401;-0.144404
 0.000125; 0.003026; 0.012103; 0.019954; 0.023175; 0.024265; 0.024623; 0.024740;-0.055609
-0.000239;-0.003740;-0.007591;-0.009490;-0.010146;-0.010355;-0.010422;-0.010444; 0.150148
 0.000162; 0.002200; 0.009006; 0.017434; 0.021271; 0.022587; 0.023018; 0.023159;-0.144295
 0.000096; 0.001354; 0.001269; 0.001547; 0.002515; 0.003068; 0.003283; 0.003358;-0.065033
-0.000139;-0.001369; 0.000432; 0.003423; 0.005133; 0.005833; 0.006081; 0.006164; 0.120619
 0.000113; 0.001227; 0.002869; 0.001572;-0.000231;-0.001081;-0.001392;-0.001497;-0.117251
 0.000068; 0.000565; 0.002275; 0.004817; 0.006132; 0.006632; 0.006804; 0.006861;-0.093649
-0.000093;-0.001064;-0.001493;-0.001251;-0.001106;-0.001063;-0.001051;-0.001047; 0.073097
-0.000063;-0.001638;-0.001740;-0.001828;-0.002599;-0.003017;-0.003176;-0.003230;-0.027847
 0.000124; 0.001249; 0.002930; 0.003978; 0.003974; 0.003870; 0.003821; 0.003804;-0.118129
 0.000094; 0.001884; 0.004246; 0.006065; 0.007055; 0.007440; 0.007572; 0.007616;-0.019806
-0.000247;-0.002236;-0.003519;-0.004464;-0.004197;-0.003914;-0.003791;-0.003747; 0.238375
 0.000164; 0.001496; 0.004345; 0.007575; 0.008597; 0.008832; 0.008891; 0.008908;-0.189836
-0.000247;-0.002236;-0.003519;-0.004464;-0.004197;-0.003914;-0.003791;-0.003747; 0.238375
 0.000468; 0.005952; 0.012258; 0.014484; 0.014023; 0.013577; 0.013389; 0.013324;-0.393195
-0.000188;-0.002129;-0.000011; 0.004418; 0.006657; 0.007460; 0.007728; 0.007817; 0.114563
-0.000121;-0.001639;-0.003046;-0.003557;-0.003385;-0.003213;-0.003139;-0.003112; 0.065917
 0.000162; 0.002200; 0.009006; 0.017434; 0.021271; 0.022587; 0.023018; 0.023159;-0.144295
 0.000100; 0.002070; 0.003603; 0.004180; 0.004622; 0.004828; 0.004904; 0.004930;-0.008010
-0.000114;-0.002153;-0.003959;-0.003890;-0.003674;-0.003581;-0.003548;-0.003537; 0.020912
 0.000184; 0.002330; 0.005182; 0.006227; 0.005778; 0.005418; 0.005270; 0.005218;-0.134443
 0.000328; 0.004629; 0.006406; 0.006483; 0.006871; 0.007116; 0.007214; 0.007248;-0.200502
 0.000201; 0.003824; 0.010496; 0.015791; 0.018175; 0.019032; 0.019321; 0.019416;-0.100529
-0.000212;-0.002979;-0.002321; 0.000218; 0.001222; 0.001529; 0.001624; 0.001655; 0.108208
-0.000196;-0.002411;-0.003014;-0.002110;-0.001219;-0.000804;-0.000651;-0.000599; 0.137861
 0.000378; 0.005125; 0.008267; 0.007186; 0.005728; 0.005059; 0.004817; 0.004736;-0.274888
-0.000430;-0.006053;-0.012158;-0.014970;-0.015533;-0.015611;-0.015622;-0.015624; 0.290866
-0.000284;-0.003816;-0.009199;-0.014118;-0.016378;-0.017192;-0.017466;-0.017557; 0.219284
 0.000371; 0.004976; 0.008184; 0.009649; 0.010032; 0.010090; 0.010098; 0.010099;-0.256293
 0.000085; 0.000784; 0.000908; 0.001328; 0.001554; 0.001624; 0.001644; 0.001651;-0.056215
-0.000041;-0.000869; 0.001073; 0.004165; 0.005354; 0.005704; 0.005810; 0.005843;-0.030894
-0.000421;-0.006348;-0.012395;-0.015050;-0.015736;-0.015905;-0.015953;-0.015968; 0.269692
 0.000215; 0.002671; 0.003683; 0.002801; 0.001916; 0.001514; 0.001368; 0.001318;-0.158523
-0.000211;-0.002550;-0.005017;-0.004994;-0.004124;-0.003667;-0.003495;-0.003436; 0.174079
 0.000158; 0.001059;-0.002869;-0.007016;-0.008573;-0.009032;-0.009171;-0.009215;-0.144665
 0.000148; 0.001705; 0.005191; 0.009473; 0.011542; 0.012291; 0.012542; 0.012625;-0.134780
 0.000122; 0.001592; 0.005144; 0.009068; 0.010945; 0.011637; 0.011873; 0.011951;-0.084394
-0.000392;-0.005678;-0.009557;-0.008931;-0.007673;-0.007058;-0.006831;-0.006754; 0.217460
 0.000055;-0.000009; 0.000132; 0.001954; 0.003088; 0.003529; 0.003681; 0.003731;-0.063327
 0.000137; 0.001404; 0.000694;-0.001158;-0.002619;-0.003299;-0.003550;-0.003635;-0.103909
 0.000096; 0.001354; 0.001269; 0.001547; 0.002515; 0.003068; 0.003283; 0.003358;-0.065033
 0.000285; 0.003459; 0.006792; 0.007530; 0.006608; 0.006006; 0.005766; 0.005683;-0.242969
 0.000099; 0.000150;-0.003052;-0.006763;-0.008608;-0.009279;-0.009505;-0.009579;-0.122819
 0.000001;-0.000780;-0.002950;-0.002847;-0.001966;-0.001484;-0.001298;-0.001235;-0.050595
 0.000039; 0.000484;-0.003173;-0.008566;-0.011049;-0.011905;-0.012187;-0.012279;-0.009893
-0.000129;-0.001289;-0.001947;-0.001999;-0.001768;-0.001636;-0.001586;-0.001569; 0.117453
 0.000079; 0.000064;-0.001759;-0.002877;-0.003382;-0.003583;-0.003653;-0.003677;-0.099114
-0.000134;-0.001843;-0.005224;-0.007035;-0.007165;-0.007084;-0.007040;-0.007024; 0.116845
-0.000036;-0.000444;-0.001705;-0.003441;-0.004421;-0.004820;-0.004961;-0.005008; 0.030416
 0.000013; 0.000824; 0.007067; 0.013052; 0.015346; 0.016076; 0.016310; 0.016385;-0.027141
-0.000274;-0.003419;-0.005463;-0.006763;-0.007352;-0.007560;-0.007629;-0.007652; 0.209195
-0.000392;-0.005678;-0.009557;-0.008931;-0.007673;-0.007058;-0.006831;-0.006754; 0.217460
 0.000254; 0.002939; 0.005514; 0.007222; 0.007744; 0.007881; 0.007920; 0.007932;-0.210224
 0.000179; 0.002190; 0.001259;-0.002095;-0.004299;-0.005221;-0.005549;-0.005660;-0.136615
-0.000086;-0.000874;-0.001856;-0.002338;-0.002359;-0.002336;-0.002325;-0.002320; 0.079270
-0.000047;-0.001029;-0.002955;-0.003673;-0.003802;-0.003838;-0.003850;-0.003854; 0.009011
-0.000176;-0.001287; 0.000318; 0.003597; 0.006008; 0.007062; 0.007442; 0.007570; 0.181546
 0.000184; 0.003228; 0.005725; 0.004907; 0.003792; 0.003263; 0.003069; 0.003003;-0.075905
-0.000129;-0.002627;-0.003724;-0.001757;-0.000372; 0.000205; 0.000410; 0.000479; 0.024094
-0.000421;-0.006348;-0.012395;-0.015050;-0.015736;-0.015905;-0.015953;-0.015968; 0.269692
-0.000042;-0.000998;-0.001083;-0.001493;-0.002244;-0.002638;-0.002787;-0.002838; 0.004234
 0.000035; 0.001765; 0.003519; 0.003995; 0.004787; 0.005230; 0.005402; 0.005461; 0.076023
 0.000030; 0.000525; 0.003621; 0.007905; 0.009945; 0.010656; 0.010891; 0.010968;-0.025209
 0.000077; 0.001276; 0.003965; 0.007476; 0.009709; 0.010654; 0.010993; 0.011107;-0.049283
 0.000508; 0.007084; 0.009785; 0.007406; 0.005440; 0.004601; 0.004303; 0.004202;-0.320410
 0.000153; 0.001979; 0.006811; 0.010530; 0.011639; 0.011934; 0.012020; 0.012048;-0.149888
-0.000154;-0.001698;-0.002676;-0.002655;-0.002285;-0.002085;-0.002009;-0.001983; 0.119305
-0.000451;-0.006395;-0.014117;-0.018737;-0.019927;-0.020166;-0.020220;-0.020235; 0.314371
 0.000261; 0.003144; 0.007420; 0.009260; 0.008998; 0.008688; 0.008555; 0.008508;-0.210630
-0.000121;-0.001639;-0.003046;-0.003557;-0.003385;-0.003213;-0.003139;-0.003112; 0.065917
 0.000266; 0.002991; 0.003426; 0.003187; 0.002984; 0.002877; 0.002835; 0.002821;-0.208036
-0.000027;-0.000070;-0.007065;-0.016628;-0.020948;-0.022447;-0.022944;-0.023106; 0.096334
 0.000042; 0.001305; 0.000206;-0.002160;-0.002788;-0.002886;-0.002901;-0.002904; 0.050672
-0.000131;-0.001730;-0.001856;-0.000344; 0.000890; 0.001453; 0.001659; 0.001729; 0.079610
-0.000179;-0.002050;-0.002748;-0.001804;-0.000668;-0.000113; 0.000093; 0.000164; 0.144139
 0.000000; 0.000782; 0.001118; 0.000899; 0.001157; 0.001342; 0.001417; 0.001444; 0.071782
 0.000129;-0.000046;-0.004261;-0.008366;-0.010594;-0.011477;-0.011786;-0.011889;-0.191447
 0.000047;-0.000800;-0.001496; 0.000033; 0.000987; 0.001360; 0.001489; 0.001532;-0.113004
-0.000064;-0.000956;-0.002988;-0.005643;-0.007129;-0.007712;-0.007915;-0.007983; 0.054520
-0.000169;-0.001354;-0.002043;-0.001763;-0.000947;-0.000508;-0.000341;-0.000283; 0.169834
 0.000023; 0.000470; 0.000217; 0.001667; 0.003213; 0.003922; 0.004180; 0.004267; 0.007500
-0.000030;-0.000477;-0.000666; 0.000330; 0.001131; 0.001477; 0.001601; 0.001643; 0.019254
-0.000261;-0.002755;-0.005486;-0.007900;-0.008745;-0.008988;-0.009061;-0.009084; 0.253716
-0.000019;-0.000136;-0.002530;-0.004814;-0.005598;-0.005843;-0.005921;-0.005947; 0.056557
-0.000068;-0.000892;-0.001145;-0.000542;-0.000003; 0.000243; 0.000333; 0.000364; 0.042775
-0.000062;-0.000867; 0.000308; 0.001498; 0.001615; 0.001572; 0.001547; 0.001538; 0.013121
-0.000237;-0.002360;-0.001104; 0.001898; 0.003836; 0.004639; 0.004923; 0.005018; 0.184718
-0.000539;-0.006952;-0.009064;-0.005526;-0.002463;-0.001100;-0.000607;-0.000441; 0.370640
 0.000206; 0.002470; 0.005233; 0.006646; 0.006744; 0.006677; 0.006641; 0.006627;-0.177838
-0.000030; 0.000218; 0.000261; 0.000137; 0.000487; 0.000717; 0.000810; 0.000842; 0.074902
 0.000113; 0.001227; 0.002869; 0.001572;-0.000231;-0.001081;-0.001392;-0.001497;-0.117251
-0.000094;-0.000858;-0.000275; 0.001639; 0.003114; 0.003765; 0.004000; 0.004079; 0.083612
-0.000169;-0.001354;-0.002043;-0.001763;-0.000947;-0.000508;-0.000341;-0.000283; 0.169834
-0.000421;-0.006348;-0.012395;-0.015050;-0.015736;-0.015905;-0.015953;-0.015968; 0.269692
-0.000010;-0.000035;-0.001394;-0.001965;-0.001535;-0.001236;-0.001115;-0.001074; 0.034331
 0.000102; 0.000975; 0.002907; 0.003680; 0.003423; 0.003220; 0.003138; 0.003110;-0.105732
-0.000010; 0.000369;-0.000476;-0.002020;-0.002604;-0.002787;-0.002845;-0.002864; 0.077018
 0.000157; 0.002658; 0.004093; 0.002443; 0.001108; 0.000550; 0.000354; 0.000288;-0.072363
 0.000052;-0.000113;-0.001354;-0.001586;-0.001408;-0.001290;-0.001242;-0.001225;-0.098909
 0.000133; 0.001745; 0.002989; 0.002630; 0.001703; 0.001199; 0.001006; 0.000939;-0.119043
-0.000274;-0.003419;-0.005463;-0.006763;-0.007352;-0.007560;-0.007629;-0.007652; 0.209195
 0.000255; 0.003408; 0.005905; 0.006353; 0.006000; 0.005763; 0.005669; 0.005636;-0.183457
 0.000165; 0.002276; 0.002328; 0.000372;-0.000761;-0.001200;-0.001351;-0.001402;-0.086137
 0.000046; 0.000513; 0.002555; 0.004775; 0.005670; 0.005964; 0.006058; 0.006089;-0.060315
-0.000205;-0.004069;-0.008881;-0.011714;-0.013207;-0.013811;-0.014024;-0.014096; 0.067447
 0.000195; 0.003495; 0.008422; 0.011164; 0.012061; 0.012329; 0.012412; 0.012439;-0.112580
-0.000155;-0.002513;-0.005774;-0.006457;-0.005997;-0.005699;-0.005582;-0.005541; 0.094734
 0.000378; 0.005125; 0.008267; 0.007186; 0.005728; 0.005059; 0.004817; 0.004736;-0.274888
 0.000179; 0.002190; 0.001259;-0.002095;-0.004299;-0.005221;-0.005549;-0.005660;-0.136615
 0.000151; 0.001467; 0.001701; 0.001770; 0.001684; 0.001618; 0.001591; 0.001582;-0.124693
 0.000156; 0.001904; 0.002283; 0.001064; 0.000098;-0.000321;-0.000471;-0.000521;-0.098709
-0.000179;-0.002050;-0.002748;-0.001804;-0.000668;-0.000113; 0.000093; 0.000164; 0.144139
 0.000201; 0.002227; 0.004778; 0.006849; 0.007635; 0.007900; 0.007988; 0.008017;-0.175378
 0.000184; 0.002330; 0.005182; 0.006227; 0.005778; 0.005418; 0.005270; 0.005218;-0.134443
-0.000147;-0.001724;-0.004042;-0.006534;-0.007451;-0.007705;-0.007779;-0.007802; 0.134923
 0.000300; 0.002824; 0.003547; 0.003634; 0.003216; 0.002954; 0.002850; 0.002814;-0.283226
-0.000235;-0.003913;-0.013537;-0.021914;-0.025149;-0.026178;-0.026505;-0.026611; 0.154442
-0.000372;-0.005026;-0.007408;-0.007849;-0.008231;-0.008438;-0.008518;-0.008546; 0.217974
 0.000217; 0.003054; 0.009125; 0.013799; 0.015090; 0.015361; 0.015425; 0.015443;-0.189459
-0.000047;-0.001029;-0.002955;-0.003673;-0.003802;-0.003838;-0.003850;-0.003854; 0.009011
 0.000482; 0.006512; 0.012712; 0.016228; 0.017309; 0.017595; 0.017677; 0.017702;-0.338893
 0.000279; 0.004298; 0.007042; 0.006977; 0.006854; 0.006837; 0.006836; 0.006837;-0.152610
-0.000115;-0.001244;-0.000075; 0.000156;-0.000499;-0.000889;-0.001041;-0.001093; 0.081194
-0.000170;-0.002733;-0.008363;-0.012890;-0.014507;-0.014994;-0.015146;-0.015195; 0.103376
-0.000318;-0.004936;-0.013965;-0.021874;-0.025269;-0.026450;-0.026842;-0.026971; 0.190242
-0.000212;-0.003016;-0.005457;-0.005402;-0.004690;-0.004305;-0.004159;-0.004108; 0.129879
-0.000406;-0.006072;-0.013204;-0.017395;-0.018682;-0.019029;-0.019130;-0.019161; 0.252783
 0.000459; 0.006632; 0.016804; 0.024645; 0.027469; 0.028321; 0.028585; 0.028670;-0.326455
-0.000103;-0.001139;-0.003825;-0.005070;-0.004657;-0.004306;-0.004161;-0.004110; 0.117073
 0.000067; 0.000425;-0.000451;-0.001821;-0.002765;-0.003177;-0.003325;-0.003375;-0.079313
 0.000288; 0.004292; 0.011564; 0.016645; 0.017950; 0.018189; 0.018237; 0.018249;-0.183031
 0.000045; 0.000470; 0.004345; 0.009749; 0.012495; 0.013532; 0.013888; 0.014006;-0.062321
 0.000126; 0.001718; 0.005624; 0.008733; 0.009577; 0.009761; 0.009807; 0.009820;-0.119913
-0.000023;-0.000375; 0.000348;-0.000075;-0.001233;-0.001859;-0.002099;-0.002181;-0.005341
 0.000106; 0.000314; 0.001168; 0.002318; 0.002297; 0.002156; 0.002090; 0.002066;-0.153638
-0.000068;-0.001569;-0.006560;-0.010389;-0.011313;-0.011442;-0.011456;-0.011457; 0.031919
-0.000212;-0.002979;-0.002321; 0.000218; 0.001222; 0.001529; 0.001624; 0.001655; 0.108208
 0.000147; 0.001993; 0.004343; 0.004279; 0.003294; 0.002760; 0.002557; 0.002487;-0.113923
 0.000539; 0.007370; 0.013162; 0.014413; 0.013919; 0.013545; 0.013394; 0.013340;-0.365474
 0.000147; 0.003435; 0.006556; 0.006606; 0.006382; 0.006279; 0.006242; 0.006229; 0.029051
 0.000305; 0.004353; 0.009220; 0.011281; 0.011347; 0.011199; 0.011125; 0.011099;-0.209858
-0.000069;-0.000834;-0.000435; 0.002019; 0.003881; 0.004686; 0.004974; 0.005071; 0.047981
-0.000071;-0.001890;-0.006052;-0.009194;-0.010416;-0.010806;-0.010930;-0.010970; 0.011934
 0.000096; 0.000643; 0.000097; 0.001770; 0.003307; 0.003976; 0.004214; 0.004295;-0.093280
 0.000308; 0.004343; 0.008671; 0.009027; 0.007932; 0.007309; 0.007069; 0.006986;-0.226204
 0.000142; 0.001729; 0.004969; 0.008438; 0.009908; 0.010403; 0.010565; 0.010618;-0.118416
-0.000115;-0.001244;-0.000075; 0.000156;-0.000499;-0.000889;-0.001041;-0.001093; 0.081194
-0.000187;-0.001665;-0.001843;-0.001569;-0.001161;-0.000958;-0.000882;-0.000856; 0.189411
 0.000018; 0.000039; 0.000117;-0.000903;-0.002136;-0.002749;-0.002979;-0.003057;-0.036303
 0.000047;-0.000800;-0.001496; 0.000033; 0.000987; 0.001360; 0.001489; 0.001532;-0.113004
-0.000063;-0.001638;-0.001740;-0.001828;-0.002599;-0.003017;-0.003176;-0.003230;-0.027847
-0.000310;-0.004210;-0.008264;-0.011764;-0.013447;-0.014047;-0.014247;-0.014313; 0.211801
 0.000262; 0.002604; 0.007557; 0.013630; 0.016415; 0.017391; 0.017715; 0.017821;-0.267826
-0.000190;-0.003056;-0.006986;-0.008029;-0.007481;-0.007081;-0.006919;-0.006863; 0.113138
 0.000124; 0.001249; 0.002930; 0.003978; 0.003974; 0.003870; 0.003821; 0.003804;-0.118129
 0.000080; 0.000807; 0.000529; 0.000140; 0.000145; 0.000195; 0.000219; 0.000228;-0.068049
-0.000231;-0.002768;-0.004085;-0.005056;-0.005785;-0.006113;-0.006233;-0.006274; 0.182599
 0.000042; 0.000356;-0.001033;-0.002931;-0.003640;-0.003841;-0.003900;-0.003919;-0.060124
 0.000044; 0.001481; 0.000577;-0.001991;-0.003072;-0.003432;-0.003550;-0.003589; 0.048862
-0.000190;-0.003056;-0.006986;-0.008029;-0.007481;-0.007081;-0.006919;-0.006863; 0.113138
-0.000154;-0.002786;-0.005809;-0.008314;-0.010089;-0.010882;-0.011171;-0.011268; 0.073176
-0.000255;-0.003688;-0.003776;-0.002014;-0.001433;-0.001294;-0.001258;-0.001247; 0.130008
-0.000129;-0.001289;-0.001947;-0.001999;-0.001768;-0.001636;-0.001586;-0.001569; 0.117453
-0.000125;-0.001637; 0.000406; 0.004699; 0.007183; 0.008176; 0.008524; 0.008640; 0.047381
 0.000085; 0.000784; 0.000908; 0.001328; 0.001554; 0.001624; 0.001644; 0.001651;-0.056215
 0.000160; 0.000871; 0.001987; 0.004204; 0.004832; 0.004929; 0.004942; 0.004944;-0.191008
 0.000129;-0.000046;-0.004261;-0.008366;-0.010594;-0.011477;-0.011786;-0.011889;-0.191447
 0.000025;-0.000469;-0.007022;-0.014892;-0.018558;-0.019863;-0.020299;-0.020443; 0.003045
 0.000095; 0.001323; 0.006285; 0.011776; 0.013922; 0.014583; 0.014789; 0.014855;-0.079341
-0.000047;-0.001029;-0.002955;-0.003673;-0.003802;-0.003838;-0.003850;-0.003854; 0.009011
-0.000211;-0.002550;-0.005017;-0.004994;-0.004124;-0.003667;-0.003495;-0.003436; 0.174079
-0.000226;-0.002511;-0.002037;-0.000924;-0.000564;-0.000462;-0.000431;-0.000422; 0.173590
-0.000096;-0.000042; 0.001377; 0.001100; 0.000736; 0.000582; 0.000527; 0.000509; 0.138021
 0.000067; 0.000204;-0.003345;-0.006337;-0.007414;-0.007760;-0.007872;-0.007908;-0.052766
 0.000101; 0.001917; 0.004444; 0.005784; 0.006344; 0.006552; 0.006624; 0.006648;-0.044115
-0.000203;-0.002829;-0.004358;-0.003623;-0.002742;-0.002330;-0.002180;-0.002129; 0.119032
-0.000098; 0.000214; 0.005410; 0.011289; 0.014468; 0.015711; 0.016143; 0.016287; 0.120102
 0.000124; 0.003360; 0.006746; 0.007177; 0.007286; 0.007341; 0.007362; 0.007370; 0.026829
-0.000082;-0.000875; 0.002172; 0.005641; 0.007015; 0.007474; 0.007624; 0.007673; 0.022300
 0.000076; 0.000858;-0.004338;-0.010445;-0.012663;-0.013313;-0.013510;-0.013573;-0.014232
 0.000156; 0.001904; 0.002283; 0.001064; 0.000098;-0.000321;-0.000471;-0.000521;-0.098709
-0.000196;-0.002411;-0.003014;-0.002110;-0.001219;-0.000804;-0.000651;-0.000599; 0.137861
-0.000190;-0.003056;-0.006986;-0.008029;-0.007481;-0.007081;-0.006919;-0.006863; 0.113138
 0.000034;-0.000142;-0.003157;-0.006165;-0.007513;-0.007998;-0.008162;-0.008216;-0.046557
 0.000034;-0.000213;-0.002671;-0.004284;-0.004856;-0.005049;-0.005114;-0.005135;-0.041293
 0.000154; 0.001807; 0.003824; 0.004343; 0.003974; 0.003728; 0.003630; 0.003596;-0.117939
-0.000424;-0.006378;-0.013348;-0.015688;-0.015578;-0.015332;-0.015222;-0.015183; 0.250221
 0.000442; 0.005263; 0.004931;-0.001061;-0.005313;-0.007098;-0.007730;-0.007943;-0.310903
-0.000069;-0.000834;-0.000435; 0.002019; 0.003881; 0.004686; 0.004974; 0.005071; 0.047981
 0.000244; 0.003022; 0.010387; 0.015851; 0.016836; 0.016857; 0.016818; 0.016800;-0.235087
-0.000247;-0.002646;-0.001859; 0.001694; 0.004281; 0.005395; 0.005795; 0.005929; 0.229023
 0.000346; 0.004939; 0.010521; 0.013970; 0.015153; 0.015510; 0.015621; 0.015657;-0.224014
-0.000154;-0.002786;-0.005809;-0.008314;-0.010089;-0.010882;-0.011171;-0.011268; 0.073176
 0.000279; 0.004298; 0.007042; 0.006977; 0.006854; 0.006837; 0.006836; 0.006837;-0.152610
-0.000015; 0.000255;-0.001073;-0.003450;-0.004503;-0.004856;-0.004970;-0.005007; 0.059373
 0.000417; 0.005850; 0.013476; 0.018747; 0.020407; 0.020840; 0.020964; 0.021002;-0.289312
-0.000205;-0.002750;-0.004324;-0.003488;-0.002631;-0.002262;-0.002132;-0.002088; 0.160715
 0.000160; 0.000871; 0.001987; 0.004204; 0.004832; 0.004929; 0.004942; 0.004944;-0.191008
 0.000015;-0.000443;-0.002445;-0.003325;-0.003369;-0.003325;-0.003303;-0.003295;-0.043399
-0.000201;-0.002235;-0.002821;-0.003923;-0.004864;-0.005278;-0.005428;-0.005478; 0.132394
 0.000195; 0.002094; 0.001503; 0.000110;-0.000801;-0.001204;-0.001351;-0.001401;-0.144404
 0.000215; 0.002671; 0.003683; 0.002801; 0.001916; 0.001514; 0.001368; 0.001318;-0.158523
-0.000085;-0.001003;-0.002147;-0.003081;-0.003531;-0.003706;-0.003767;-0.003788; 0.087444
 0.000085; 0.000784; 0.000908; 0.001328; 0.001554; 0.001624; 0.001644; 0.001651;-0.056215
-0.000084;-0.000058;-0.000010; 0.000552; 0.001679; 0.002279; 0.002508; 0.002586; 0.144477
-0.000142;-0.002540;-0.009838;-0.016500;-0.018864;-0.019534;-0.019734;-0.019796; 0.107186
-0.000085;-0.000151; 0.004290; 0.009182; 0.011537; 0.012413; 0.012712; 0.012811; 0.097894
 0.000100; 0.001741; 0.001890;-0.000334;-0.001677;-0.002184;-0.002355;-0.002412;-0.045509
-0.000316;-0.003764;-0.006640;-0.008090;-0.008250;-0.008195;-0.008161;-0.008148; 0.244820
 0.000034;-0.000213;-0.002671;-0.004284;-0.004856;-0.005049;-0.005114;-0.005135;-0.041293
 0.000025;-0.000209;-0.000716;-0.001869;-0.003068;-0.003655;-0.003874;-0.003949;-0.057544
 0.000045; 0.000689;-0.001407;-0.002817;-0.002701;-0.002507;-0.002421;-0.002390;-0.020559
-0.000136;-0.001663;-0.001303;-0.000153; 0.000441; 0.000679; 0.000763; 0.000791; 0.118695
 0.000004; 0.001042; 0.004519; 0.006979; 0.008044; 0.008436; 0.008571; 0.008615; 0.045388
-0.000103; 0.000118; 0.002703; 0.004615; 0.005783; 0.006293; 0.006478; 0.006540; 0.152264
-0.000034;-0.000831;-0.000826;-0.000048; 0.000188; 0.000234; 0.000244; 0.000247;-0.041575
-0.000068;-0.001784; 0.000996; 0.006600; 0.009015; 0.009800; 0.010051; 0.010133;-0.051549
-0.000187;-0.001665;-0.001843;-0.001569;-0.001161;-0.000958;-0.000882;-0.000856; 0.189411
-0.000192;-0.002189;-0.007156;-0.011849;-0.013411;-0.013831;-0.013953;-0.013990; 0.201522
 0.000378; 0.005125; 0.008267; 0.007186; 0.005728; 0.005059; 0.004817; 0.004736;-0.274888
-0.000237;-0.002360;-0.001104; 0.001898; 0.003836; 0.004639; 0.004923; 0.005018; 0.184718
 0.000004; 0.001042; 0.004519; 0.006979; 0.008044; 0.008436; 0.008571; 0.008615; 0.045388
 0.000433; 0.006842; 0.016564; 0.022348; 0.023908; 0.024259; 0.024350; 0.024376;-0.284125
-0.000121;-0.001639;-0.003046;-0.003557;-0.003385;-0.003213;-0.003139;-0.003112; 0.065917
 0.000151; 0.001467; 0.001701; 0.001770; 0.001684; 0.001618; 0.001591; 0.001582;-0.124693
-0.000240;-0.003158;-0.005611;-0.006910;-0.007393;-0.007548;-0.007597;-0.007613; 0.171857
-0.000255;-0.003688;-0.003776;-0.002014;-0.001433;-0.001294;-0.001258;-0.001247; 0.130008
 0.000201; 0.002227; 0.004778; 0.006849; 0.007635; 0.007900; 0.007988; 0.008017;-0.175378
 0.000457; 0.005508; 0.007703; 0.005763; 0.003730; 0.002793; 0.002451; 0.002335;-0.364840
 0.000018; 0.000039; 0.000117;-0.000903;-0.002136;-0.002749;-0.002979;-0.003057;-0.036303
 0.000308; 0.004343; 0.008671; 0.009027; 0.007932; 0.007309; 0.007069; 0.006986;-0.226204
 0.000278; 0.003785; 0.008653; 0.011687; 0.012357; 0.012449; 0.012461; 0.012462;-0.197792
-0.000071;-0.001890;-0.006052;-0.009194;-0.010416;-0.010806;-0.010930;-0.010970; 0.011934
 0.000001;-0.000780;-0.002950;-0.002847;-0.001966;-0.001484;-0.001298;-0.001235;-0.050595
-0.000103;-0.001139;-0.003825;-0.005070;-0.004657;-0.004306;-0.004161;-0.004110; 0.117073
-0.000042;-0.000998;-0.001083;-0.001493;-0.002244;-0.002638;-0.002787;-0.002838; 0.004234
 0.000078; 0.000641; 0.003799; 0.006393; 0.006770; 0.006730; 0.006692; 0.006677;-0.111395
-0.000203;-0.002829;-0.004358;-0.003623;-0.002742;-0.002330;-0.002180;-0.002129; 0.119032
 0.000288; 0.004292; 0.011564; 0.016645; 0.017950; 0.018189; 0.018237; 0.018249;-0.183031
 0.000254; 0.002939; 0.005514; 0.007222; 0.007744; 0.007881; 0.007920; 0.007932;-0.210224
 0.000217; 0.002064; 0.003679; 0.005283; 0.005683; 0.005740; 0.005747; 0.005748;-0.217166
-0.000203;-0.002829;-0.004358;-0.003623;-0.002742;-0.002330;-0.002180;-0.002129; 0.119032
 0.000109; 0.002365; 0.008170; 0.012423; 0.013755; 0.014107; 0.014208; 0.014239;-0.038091
-0.000085;-0.001003;-0.002147;-0.003081;-0.003531;-0.003706;-0.003767;-0.003788; 0.087444
-0.000211;-0.002446;-0.000774; 0.002926; 0.004840; 0.005546; 0.005785; 0.005864; 0.134196
-0.000274;-0.002753;-0.001655; 0.002169; 0.004817; 0.005933; 0.006330; 0.006463; 0.208157
 0.000113; 0.001227; 0.002869; 0.001572;-0.000231;-0.001081;-0.001392;-0.001497;-0.117251
-0.000203;-0.002829;-0.004358;-0.003623;-0.002742;-0.002330;-0.002180;-0.002129; 0.119032
-0.000029;-0.000415; 0.002538; 0.006304; 0.007861; 0.008369; 0.008532; 0.008585;-0.020281
-0.000284;-0.003816;-0.009199;-0.014118;-0.016378;-0.017192;-0.017466;-0.017557; 0.219284
-0.000125;-0.002228;-0.004084;-0.004775;-0.005021;-0.005092;-0.005114;-0.005120; 0.047346
-0.000223;-0.002886;-0.007931;-0.011430;-0.012398;-0.012640;-0.012709;-0.012731; 0.206523
-0.000089;-0.000277; 0.000236; 0.000191; 0.000323; 0.000413; 0.000449; 0.000461; 0.117513
-0.000242;-0.002639;-0.006846;-0.010621;-0.011789;-0.012064;-0.012137;-0.012158; 0.233931
 0.000151; 0.001467; 0.001701; 0.001770; 0.001684; 0.001618; 0.001591; 0.001582;-0.124693
 0.000036; 0.000345; 0.001446; 0.003214; 0.003989; 0.004233; 0.004309; 0.004333;-0.023939
-0.000064;-0.000956;-0.002988;-0.005643;-0.007129;-0.007712;-0.007915;-0.007983; 0.054520
 0.000055;-0.000009; 0.000132; 0.001954; 0.003088; 0.003529; 0.003681; 0.003731;-0.063327
-0.000192;-0.002189;-0.007156;-0.011849;-0.013411;-0.013831;-0.013953;-0.013990; 0.201522
 0.000236; 0.002480; 0.004309; 0.003340; 0.001605; 0.000730; 0.000402; 0.000290;-0.248003
-0.000030;-0.000477;-0.000666; 0.000330; 0.001131; 0.001477; 0.001601; 0.001643; 0.019254
 0.000246; 0.003356; 0.002580;-0.000330;-0.001588;-0.001996;-0.002126;-0.002168;-0.125633
-0.000446;-0.005313;-0.007731;-0.008879;-0.009414;-0.009610;-0.009676;-0.009698; 0.315090
 0.000399; 0.005882; 0.011969; 0.013986; 0.013700; 0.013359; 0.013212; 0.013160;-0.266577
-0.000041;-0.000586;-0.001412;-0.002759;-0.003469;-0.003722;-0.003806;-0.003834; 0.025166
 0.000312; 0.004722; 0.010344; 0.013227; 0.013837; 0.013925; 0.013937; 0.013939;-0.193245
-0.000150;-0.001758;-0.001869;-0.001383;-0.001297;-0.001318;-0.001334;-0.001340; 0.116362
-0.000006; 0.000070; 0.000488; 0.000696; 0.000883; 0.000985; 0.001025; 0.001039; 0.003142
-0.000208;-0.001822; 0.002424; 0.007926; 0.010318; 0.011126; 0.011390; 0.011476; 0.175516
-0.000019;-0.000136;-0.002530;-0.004814;-0.005598;-0.005843;-0.005921;-0.005947; 0.056557
-0.000085;-0.001003;-0.002147;-0.003081;-0.003531;-0.003706;-0.003767;-0.003788; 0.087444
 0.000056; 0.001038; 0.002359; 0.003599; 0.004434; 0.004798; 0.004930; 0.004975;-0.024641
-0.000147;-0.001726; 0.001491; 0.005598; 0.007144; 0.007624; 0.007775; 0.007824; 0.060634
 0.000190; 0.003101; 0.006647; 0.009218; 0.010596; 0.011146; 0.011339; 0.011404;-0.113928
-0.000097;-0.000667; 0.002957; 0.007452; 0.009497; 0.010215; 0.010454; 0.010533; 0.080910
 0.000018; 0.000039; 0.000117;-0.000903;-0.002136;-0.002749;-0.002979;-0.003057;-0.036303
 0.000073; 0.001233; 0.001251; 0.000764; 0.000754; 0.000803; 0.000827; 0.000836;-0.000325
-0.000027;-0.000259;-0.003623;-0.007171;-0.008292;-0.008576;-0.008655;-0.008679; 0.051532
 0.000097; 0.001025; 0.004200; 0.007485; 0.008564; 0.008849; 0.008931; 0.008957;-0.108333
-0.000188;-0.002971;-0.005891;-0.007515;-0.008451;-0.008854;-0.008999;-0.009048; 0.100920
 0.000307; 0.004919; 0.012824; 0.018498; 0.020536; 0.021168; 0.021368; 0.021433;-0.177686
 0.000155; 0.002127; 0.001453;-0.000859;-0.002005;-0.002414;-0.002550;-0.002594;-0.090793
 0.000397; 0.005765; 0.012694; 0.017180; 0.018945; 0.019553; 0.019755; 0.019821;-0.261030
-0.000010;-0.000035;-0.001394;-0.001965;-0.001535;-0.001236;-0.001115;-0.001074; 0.034331
-0.000180;-0.002247;-0.005577;-0.008006;-0.008471;-0.008484;-0.008466;-0.008458; 0.158165
 0.000203; 0.002410; 0.004301; 0.004120; 0.003287; 0.002847; 0.002681; 0.002624;-0.165161
 0.000034;-0.000142;-0.003157;-0.006165;-0.007513;-0.007998;-0.008162;-0.008216;-0.046557
-0.000246;-0.003805;-0.011027;-0.017771;-0.020798;-0.021865;-0.022221;-0.022338; 0.151113
-0.000176;-0.001287; 0.000318; 0.003597; 0.006008; 0.007062; 0.007442; 0.007570; 0.181546
 0.000233; 0.003804; 0.002746;-0.002326;-0.005108;-0.006166;-0.006529;-0.006650;-0.083374
 0.000023; 0.000470; 0.000217; 0.001667; 0.003213; 0.003922; 0.004180; 0.004267; 0.007500
 0.000195; 0.002094; 0.001503; 0.000110;-0.000801;-0.001204;-0.001351;-0.001401;-0.144404
-0.000293;-0.004179;-0.008930;-0.009938;-0.009427;-0.009095;-0.008966;-0.008922; 0.192303
 0.000000; 0.000782; 0.001118; 0.000899; 0.001157; 0.001342; 0.001417; 0.001444; 0.071782
 0.000044; 0.000074;-0.001633;-0.003634;-0.004691;-0.005099;-0.005239;-0.005286;-0.060508
-0.000125;-0.002228;-0.004084;-0.004775;-0.005021;-0.005092;-0.005114;-0.005120; 0.047346
 0.000064; 0.000225;-0.001034;-0.003292;-0.005045;-0.005830;-0.006115;-0.006211;-0.059244
-0.000107;-0.002961;-0.003959;-0.000726; 0.001080; 0.001731; 0.001948; 0.002019;-0.043840
 0.000143; 0.001645; 0.003704; 0.005154; 0.005488; 0.005538; 0.005546; 0.005547;-0.116379
-0.000147;-0.001726; 0.001491; 0.005598; 0.007144; 0.007624; 0.007775; 0.007824; 0.060634
 0.000397; 0.005765; 0.012694; 0.017180; 0.018945; 0.019553; 0.019755; 0.019821;-0.261030
 0.000004; 0.000379;-0.002756;-0.005860;-0.006606;-0.006736;-0.006762;-0.006768; 0.048109
-0.000110;-0.002216;-0.007484;-0.011805;-0.013748;-0.014462;-0.014706;-0.014787; 0.052242
 0.000044; 0.001481; 0.000577;-0.001991;-0.003072;-0.003432;-0.003550;-0.003589; 0.048862
 0.000102; 0.000975; 0.002907; 0.003680; 0.003423; 0.003220; 0.003138; 0.003110;-0.105732
-0.000036;-0.000444;-0.001705;-0.003441;-0.004421;-0.004820;-0.004961;-0.005008; 0.030416
-0.000102;-0.001275; 0.001381; 0.005317; 0.006806; 0.007229; 0.007353; 0.007392; 0.040720
-0.000084;-0.000058;-0.000010; 0.000552; 0.001679; 0.002279; 0.002508; 0.002586; 0.144477
-0.000226;-0.002511;-0.002037;-0.000924;-0.000564;-0.000462;-0.000431;-0.000422; 0.173590
 0.000068; 0.000565; 0.002275; 0.004817; 0.006132; 0.006632; 0.006804; 0.006861;-0.093649
-0.000316;-0.003764;-0.006640;-0.008090;-0.008250;-0.008195;-0.008161;-0.008148; 0.244820
-0.000293;-0.002780;-0.005030;-0.007584;-0.008668;-0.009021;-0.009134;-0.009170; 0.259646
-0.000130;-0.001478;-0.003499;-0.005975;-0.007063;-0.007417;-0.007530;-0.007566; 0.121712
-0.000344;-0.004911;-0.008510;-0.008370;-0.007554;-0.007150;-0.007001;-0.006951; 0.221612
 0.000457; 0.005508; 0.007703; 0.005763; 0.003730; 0.002793; 0.002451; 0.002335;-0.364840
 0.000010;-0.000565;-0.003037;-0.004872;-0.005477;-0.005650;-0.005702;-0.005718;-0.043374
-0.000154;-0.001698;-0.002676;-0.002655;-0.002285;-0.002085;-0.002009;-0.001983; 0.119305
 0.000201; 0.002977; 0.007050; 0.010464; 0.011926; 0.012423; 0.012587; 0.012640;-0.117912
 0.000094; 0.001884; 0.004246; 0.006065; 0.007055; 0.007440; 0.007572; 0.007616;-0.019806
-0.000016; 0.000399; 0.001806; 0.005214; 0.008029; 0.009297; 0.009758; 0.009914; 0.037487
 0.000246; 0.002548; 0.003576; 0.002413; 0.001186; 0.000642; 0.000448; 0.000382;-0.232930
-0.000093;-0.001064;-0.001493;-0.001251;-0.001106;-0.001063;-0.001051;-0.001047; 0.073097
-0.000261;-0.002755;-0.005486;-0.007900;-0.008745;-0.008988;-0.009061;-0.009084; 0.253716
-0.000158;-0.001801;-0.001869;-0.000457; 0.000550; 0.000962; 0.001106; 0.001155; 0.119238
-0.000034; 0.000124; 0.000261;-0.000982;-0.002106;-0.002635;-0.002830;-0.002897; 0.060507
 0.000442; 0.005263; 0.004931;-0.001061;-0.005313;-0.007098;-0.007730;-0.007943;-0.310903
 0.000202; 0.002413; 0.003877; 0.004145; 0.004084; 0.004040; 0.004022; 0.004016;-0.171051
-0.000034; 0.000124; 0.000261;-0.000982;-0.002106;-0.002635;-0.002830;-0.002897; 0.060507
 0.000015;-0.000443;-0.002445;-0.003325;-0.003369;-0.003325;-0.003303;-0.003295;-0.043399
-0.000284;-0.003816;-0.009199;-0.014118;-0.016378;-0.017192;-0.017466;-0.017557; 0.219284
-0.000149;-0.001578;-0.004666;-0.008731;-0.010516;-0.011096;-0.011280;-0.011340; 0.141650
-0.000084;-0.000058;-0.000010; 0.000552; 0.001679; 0.002279; 0.002508; 0.002586; 0.144477
-0.000344;-0.004911;-0.008510;-0.008370;-0.007554;-0.007150;-0.007001;-0.006951; 0.221612
 0.000284; 0.003570; 0.006644; 0.005520; 0.003508; 0.002520; 0.002154; 0.002030;-0.238079
-0.000087;-0.001156;-0.000873; 0.000380; 0.001310; 0.001726; 0.001878; 0.001929; 0.020900
 0.000106; 0.000314; 0.001168; 0.002318; 0.002297; 0.002156; 0.002090; 0.002066;-0.153638
-0.000154;-0.001698;-0.002676;-0.002655;-0.002285;-0.002085;-0.002009;-0.001983; 0.119305
 0.000075; 0.001218;-0.001214;-0.004509;-0.005372;-0.005509;-0.005530;-0.005534;-0.012760
-0.000089;-0.000445;-0.001779;-0.004504;-0.005938;-0.006471;-0.006652;-0.006712; 0.121483
-0.000201;-0.002235;-0.002821;-0.003923;-0.004864;-0.005278;-0.005428;-0.005478; 0.132394
-0.000293;-0.002780;-0.005030;-0.007584;-0.008668;-0.009021;-0.009134;-0.009170; 0.259646
 0.000030; 0.000863; 0.006078; 0.011237; 0.013129; 0.013686; 0.013856; 0.013909;-0.019500
 0.000045; 0.000689;-0.001407;-0.002817;-0.002701;-0.002507;-0.002421;-0.002390;-0.020559
-0.000158;-0.001801;-0.001869;-0.000457; 0.000550; 0.000962; 0.001106; 0.001155; 0.119238
 0.000261; 0.003144; 0.007420; 0.009260; 0.008998; 0.008688; 0.008555; 0.008508;-0.210630
 0.000142; 0.001729; 0.004969; 0.008438; 0.009908; 0.010403; 0.010565; 0.010618;-0.118416
-0.000206;-0.003761;-0.008564;-0.011470;-0.012554;-0.012904;-0.013017;-0.013054; 0.090315
 0.000160; 0.000871; 0.001987; 0.004204; 0.004832; 0.004929; 0.004942; 0.004944;-0.191008
 0.000147; 0.001993; 0.004343; 0.004279; 0.003294; 0.002760; 0.002557; 0.002487;-0.113923
 0.000164; 0.001496; 0.004345; 0.007575; 0.008597; 0.008832; 0.008891; 0.008908;-0.189836
 0.000054; 0.000850; 0.002655; 0.005392; 0.007082; 0.007776; 0.008021; 0.008103;-0.047567
 0.000059; 0.000346; 0.000800; 0.000860; 0.000470; 0.000243; 0.000155; 0.000125;-0.100294
 0.000260; 0.003535; 0.005548; 0.004569; 0.003188; 0.002508; 0.002255; 0.002168;-0.141629
-0.000411;-0.005965;-0.011964;-0.015342;-0.016437;-0.016739;-0.016828;-0.016856; 0.249335
-0.000212;-0.003016;-0.005457;-0.005402;-0.004690;-0.004305;-0.004159;-0.004108; 0.129879
 0.000205; 0.001997; 0.000702;-0.001294;-0.002098;-0.002342;-0.002416;-0.002440;-0.169426
-0.000240;-0.003158;-0.005611;-0.006910;-0.007393;-0.007548;-0.007597;-0.007613; 0.171857
-0.000446;-0.005313;-0.007731;-0.008879;-0.009414;-0.009610;-0.009676;-0.009698; 0.315090
 0.000147; 0.001993; 0.004343; 0.004279; 0.003294; 0.002760; 0.002557; 0.002487;-0.113923
 0.000141; 0.001221; 0.001793; 0.001562; 0.000852; 0.000459; 0.000308; 0.000256;-0.145407
-0.000130;-0.002690;-0.008881;-0.014326;-0.016775;-0.017648;-0.017940;-0.018036; 0.059009
 0.000399; 0.005882; 0.011969; 0.013986; 0.013700; 0.013359; 0.013212; 0.013160;-0.266577
-0.000240;-0.002387;-0.004109;-0.004844;-0.004820;-0.004755;-0.004727;-0.004716; 0.233939
-0.000187;-0.001665;-0.001843;-0.001569;-0.001161;-0.000958;-0.000882;-0.000856; 0.189411
 0.000306; 0.004065; 0.008322; 0.009426; 0.008788; 0.008330; 0.008144; 0.008080;-0.274868
-0.000247;-0.002646;-0.001859; 0.001694; 0.004281; 0.005395; 0.005795; 0.005929; 0.229023
 0.000120; 0.000605;-0.001566;-0.003950;-0.005507;-0.006194;-0.006444;-0.006528;-0.114271
 0.000089; 0.000695; 0.000504; 0.001093; 0.001500; 0.001652; 0.001702; 0.001719;-0.071196
 0.000371; 0.004976; 0.008184; 0.009649; 0.010032; 0.010090; 0.010098; 0.010099;-0.256293
-0.000142;-0.002540;-0.009838;-0.016500;-0.018864;-0.019534;-0.019734;-0.019796; 0.107186
 0.000237; 0.003204; 0.006325; 0.008175; 0.008744; 0.008896; 0.008941; 0.008954;-0.176624
-0.000069;-0.000888; 0.000490; 0.004538; 0.007233; 0.008358; 0.008757; 0.008891; 0.020317
-0.000136;-0.001663;-0.001303;-0.000153; 0.000441; 0.000679; 0.000763; 0.000791; 0.118695
-0.000025; 0.000217; 0.002958; 0.006029; 0.007515; 0.008058; 0.008242; 0.008303; 0.000620
 0.000457; 0.005508; 0.007703; 0.005763; 0.003730; 0.002793; 0.002451; 0.002335;-0.364840
 0.000284; 0.003570; 0.006644; 0.005520; 0.003508; 0.002520; 0.002154; 0.002030;-0.238079
 0.000105; 0.001702; 0.006993; 0.011455; 0.013057; 0.013555; 0.013713; 0.013764;-0.086033
 0.000396; 0.005774; 0.012196; 0.015374; 0.016004; 0.016076; 0.016079; 0.016078;-0.256417
 0.000062; 0.000152;-0.002907;-0.007051;-0.009337;-0.010233;-0.010544;-0.010647;-0.071316
-0.000284;-0.003816;-0.009199;-0.014118;-0.016378;-0.017192;-0.017466;-0.017557; 0.219284
-0.000286;-0.004042;-0.006526;-0.006471;-0.005935;-0.005649;-0.005541;-0.005504; 0.177038
 0.000010;-0.000565;-0.003037;-0.004872;-0.005477;-0.005650;-0.005702;-0.005718;-0.043374
-0.000255;-0.003688;-0.003776;-0.002014;-0.001433;-0.001294;-0.001258;-0.001247; 0.130008
 0.000411; 0.005252; 0.009269; 0.009511; 0.008397; 0.007760; 0.007514; 0.007429;-0.292282
 0.000130; 0.001223; 0.002022; 0.002546; 0.002331; 0.002132; 0.002048; 0.002018;-0.120130
 0.000108; 0.001404; 0.000955;-0.000575;-0.001528;-0.001925;-0.002066;-0.002114;-0.066863
 0.000201; 0.002227; 0.004778; 0.006849; 0.007635; 0.007900; 0.007988; 0.008017;-0.175378
-0.000121;-0.001639;-0.003046;-0.003557;-0.003385;-0.003213;-0.003139;-0.003112; 0.065917
-0.000053;-0.000928;-0.002999;-0.003341;-0.002709;-0.002330;-0.002182;-0.002131; 0.045829
 0.000399; 0.005882; 0.011969; 0.013986; 0.013700; 0.013359; 0.013212; 0.013160;-0.266577
 0.000096; 0.000643; 0.000097; 0.001770; 0.003307; 0.003976; 0.004214; 0.004295;-0.093280
 0.000099; 0.000150;-0.003052;-0.006763;-0.008608;-0.009279;-0.009505;-0.009579;-0.122819
 0.000036; 0.000345; 0.001446; 0.003214; 0.003989; 0.004233; 0.004309; 0.004333;-0.023939
-0.000340;-0.005568;-0.009850;-0.009554;-0.008385;-0.007769;-0.007534;-0.007454; 0.165299
-0.000421;-0.006348;-0.012395;-0.015050;-0.015736;-0.015905;-0.015953;-0.015968; 0.269692
-0.000041;-0.000563; 0.001464; 0.002714; 0.002573; 0.002385; 0.002304; 0.002275; 0.006419
 0.000160; 0.000871; 0.001987; 0.004204; 0.004832; 0.004929; 0.004942; 0.004944;-0.191008
 0.000328; 0.004629; 0.006406; 0.006483; 0.006871; 0.007116; 0.007214; 0.007248;-0.200502
 0.000052; 0.000168;-0.001094;-0.001531;-0.001328;-0.001179;-0.001118;-0.001097;-0.082296
-0.000253;-0.003033;-0.004012;-0.003425;-0.002477;-0.001966;-0.001769;-0.001701; 0.161067
-0.000316;-0.003764;-0.006640;-0.008090;-0.008250;-0.008195;-0.008161;-0.008148; 0.244820
-0.000041;-0.000586;-0.001412;-0.002759;-0.003469;-0.003722;-0.003806;-0.003834; 0.025166
-0.000185;-0.002041;-0.003635;-0.003821;-0.003266;-0.002943;-0.002818;-0.002775; 0.155793
-0.000097;-0.000876;-0.001511;-0.000450; 0.000894; 0.001544; 0.001785; 0.001866; 0.115566
-0.000242;-0.002639;-0.006846;-0.010621;-0.011789;-0.012064;-0.012137;-0.012158; 0.233931
 0.000080; 0.000807; 0.000529; 0.000140; 0.000145; 0.000195; 0.000219; 0.000228;-0.068049
-0.000034; 0.000124; 0.000261;-0.000982;-0.002106;-0.002635;-0.002830;-0.002897; 0.060507
 0.000219; 0.002826; 0.007598; 0.012245; 0.014168; 0.014795; 0.014996; 0.015061;-0.166909
 0.000190; 0.003101; 0.006647; 0.009218; 0.010596; 0.011146; 0.011339; 0.011404;-0.113928
-0.000025; 0.000217; 0.002958; 0.006029; 0.007515; 0.008058; 0.008242; 0.008303; 0.000620
 0.000312; 0.004722; 0.010344; 0.013227; 0.013837; 0.013925; 0.013937; 0.013939;-0.193245
-0.000430;-0.006053;-0.012158;-0.014970;-0.015533;-0.015611;-0.015622;-0.015624; 0.290866
-0.000248;-0.003137;-0.004602;-0.005016;-0.005191;-0.005254;-0.005276;-0.005283; 0.179976
-0.000191;-0.002239;-0.004249;-0.004595;-0.003740;-0.003199;-0.002984;-0.002909; 0.167928
 0.000126; 0.001718; 0.005624; 0.008733; 0.009577; 0.009761; 0.009807; 0.009820;-0.119913
 0.000105; 0.001702; 0.006993; 0.011455; 0.013057; 0.013555; 0.013713; 0.013764;-0.086033
-0.000094;-0.000858;-0.000275; 0.001639; 0.003114; 0.003765; 0.004000; 0.004079; 0.083612
 0.000004;-0.000594;-0.002354;-0.002999;-0.003050;-0.003026;-0.003013;-0.003008;-0.045232
 0.000039; 0.001211;-0.001014;-0.004414;-0.005270;-0.005388;-0.005401;-0.005402; 0.054084
 0.000035; 0.001765; 0.003519; 0.003995; 0.004787; 0.005230; 0.005402; 0.005461; 0.076023
-0.000025; 0.000217; 0.002958; 0.006029; 0.007515; 0.008058; 0.008242; 0.008303; 0.000620
 0.000142; 0.001729; 0.004969; 0.008438; 0.009908; 0.010403; 0.010565; 0.010618;-0.118416
 0.000308; 0.004343; 0.008671; 0.009027; 0.007932; 0.007309; 0.007069; 0.006986;-0.226204
-0.000265;-0.003781;-0.009172;-0.012900;-0.013945;-0.014175;-0.014232;-0.014249; 0.205116
 0.000411; 0.005252; 0.009269; 0.009511; 0.008397; 0.007760; 0.007514; 0.007429;-0.292282
 0.000030; 0.000525; 0.003621; 0.007905; 0.009945; 0.010656; 0.010891; 0.010968;-0.025209
-0.000205;-0.002750;-0.004324;-0.003488;-0.002631;-0.002262;-0.002132;-0.002088; 0.160715
 0.000190; 0.003101; 0.006647; 0.009218; 0.010596; 0.011146; 0.011339; 0.011404;-0.113928
-0.000231;-0.002768;-0.004085;-0.005056;-0.005785;-0.006113;-0.006233;-0.006274; 0.182599
-0.000226;-0.002511;-0.002037;-0.000924;-0.000564;-0.000462;-0.000431;-0.000422; 0.173590
 0.000036; 0.000714;-0.002238;-0.007425;-0.010038;-0.010995;-0.011318;-0.011425; 0.002467
-0.000240;-0.002387;-0.004109;-0.004844;-0.004820;-0.004755;-0.004727;-0.004716; 0.233939
 0.000030; 0.000525; 0.003621; 0.007905; 0.009945; 0.010656; 0.010891; 0.010968;-0.025209
-0.000179;-0.002022;-0.003805;-0.004623;-0.004651;-0.004604;-0.004582;-0.004574; 0.162080
 0.000254; 0.002939; 0.005514; 0.007222; 0.007744; 0.007881; 0.007920; 0.007932;-0.210224
 0.000061; 0.001284; 0.005158; 0.009199; 0.011056; 0.011732; 0.011961; 0.012037;-0.035439
 0.000089; 0.000695; 0.000504; 0.001093; 0.001500; 0.001652; 0.001702; 0.001719;-0.071196
-0.000008; 0.000041;-0.001345;-0.003839;-0.005185;-0.005699;-0.005876;-0.005934; 0.005717
 0.000068; 0.000565; 0.002275; 0.004817; 0.006132; 0.006632; 0.006804; 0.006861;-0.093649
-0.000328;-0.004490;-0.011250;-0.016337;-0.018022;-0.018498;-0.018641;-0.018686; 0.232210
 0.000124; 0.001249; 0.002930; 0.003978; 0.003974; 0.003870; 0.003821; 0.003804;-0.118129
 0.000171; 0.001904; 0.002851; 0.003166; 0.003292; 0.003351; 0.003373; 0.003381;-0.139445
 0.000000; 0.000782; 0.001118; 0.000899; 0.001157; 0.001342; 0.001417; 0.001444; 0.071782
 0.000393; 0.005547; 0.012311; 0.016217; 0.017044; 0.017130; 0.017129; 0.017125;-0.274320
-0.000472;-0.006918;-0.015358;-0.019971;-0.021031;-0.021207;-0.021238;-0.021245; 0.320111
-0.000201;-0.002767;-0.006766;-0.009887;-0.011067;-0.011445;-0.011567;-0.011607; 0.131330
-0.000053;-0.000928;-0.002999;-0.003341;-0.002709;-0.002330;-0.002182;-0.002131; 0.045829
-0.000201;-0.002235;-0.002821;-0.003923;-0.004864;-0.005278;-0.005428;-0.005478; 0.132394
-0.000149;-0.001578;-0.004666;-0.008731;-0.010516;-0.011096;-0.011280;-0.011340; 0.141650
 0.000184; 0.002330; 0.005182; 0.006227; 0.005778; 0.005418; 0.005270; 0.005218;-0.134443
 0.000105; 0.001702; 0.006993; 0.011455; 0.013057; 0.013555; 0.013713; 0.013764;-0.086033
 0.000035; 0.001765; 0.003519; 0.003995; 0.004787; 0.005230; 0.005402; 0.005461; 0.076023
 0.000264; 0.003757; 0.011604; 0.018240; 0.020645; 0.021379; 0.021609; 0.021683;-0.202400
 0.000233; 0.003804; 0.002746;-0.002326;-0.005108;-0.006166;-0.006529;-0.006650;-0.083374
-0.000145;-0.002365;-0.003463;-0.004060;-0.004730;-0.005055;-0.005175;-0.005216; 0.038973
-0.000282;-0.003897;-0.006430;-0.007298;-0.007717;-0.007893;-0.007956;-0.007977; 0.187689
-0.000034;-0.000831;-0.000826;-0.000048; 0.000188; 0.000234; 0.000244; 0.000247;-0.041575
 0.000067; 0.000425;-0.000451;-0.001821;-0.002765;-0.003177;-0.003325;-0.003375;-0.079313
 0.000246; 0.002548; 0.003576; 0.002413; 0.001186; 0.000642; 0.000448; 0.000382;-0.232930
-0.000087;-0.001156;-0.000873; 0.000380; 0.001310; 0.001726; 0.001878; 0.001929; 0.020900
-0.000129;-0.001289;-0.001947;-0.001999;-0.001768;-0.001636;-0.001586;-0.001569; 0.117453
-0.000466;-0.005877;-0.008694;-0.008421;-0.007674;-0.007289;-0.007144;-0.007094; 0.340868
-0.000326;-0.004889;-0.008873;-0.008324;-0.006992;-0.006328;-0.006081;-0.005996; 0.192647
 0.000055;-0.000009; 0.000132; 0.001954; 0.003088; 0.003529; 0.003681; 0.003731;-0.063327
-0.000016; 0.000399; 0.001806; 0.005214; 0.008029; 0.009297; 0.009758; 0.009914; 0.037487
 0.000156; 0.001904; 0.002283; 0.001064; 0.000098;-0.000321;-0.000471;-0.000521;-0.098709
 0.000047;-0.000800;-0.001496; 0.000033; 0.000987; 0.001360; 0.001489; 0.001532;-0.113004
-0.000154;-0.001698;-0.002676;-0.002655;-0.002285;-0.002085;-0.002009;-0.001983; 0.119305
 0.000181; 0.002231; 0.005560; 0.008149; 0.008799; 0.008908; 0.008928; 0.008933;-0.163343
-0.000084;-0.000058;-0.000010; 0.000552; 0.001679; 0.002279; 0.002508; 0.002586; 0.144477
-0.000465;-0.006707;-0.011786;-0.013202;-0.013292;-0.013231;-0.013198;-0.013186; 0.300972
-0.000098;-0.001032; 0.000846; 0.004988; 0.007435; 0.008398; 0.008733; 0.008844; 0.091345
-0.000093;-0.001064;-0.001493;-0.001251;-0.001106;-0.001063;-0.001051;-0.001047; 0.073097
-0.000196;-0.002411;-0.003014;-0.002110;-0.001219;-0.000804;-0.000651;-0.000599; 0.137861
-0.000154;-0.002786;-0.005809;-0.008314;-0.010089;-0.010882;-0.011171;-0.011268; 0.073176
 0.000073; 0.001233; 0.001251; 0.000764; 0.000754; 0.000803; 0.000827; 0.000836;-0.000325
 0.000401; 0.006269; 0.010107; 0.008179; 0.006249; 0.005403; 0.005101; 0.004999;-0.216111
 0.000482; 0.006512; 0.012712; 0.016228; 0.017309; 0.017595; 0.017677; 0.017702;-0.338893
-0.000204;-0.001787;-0.001684;-0.001284;-0.000777;-0.000513;-0.000412;-0.000378; 0.200239
-0.000191;-0.002239;-0.004249;-0.004595;-0.003740;-0.003199;-0.002984;-0.002909; 0.167928
-0.000139;-0.001369; 0.000432; 0.003423; 0.005133; 0.005833; 0.006081; 0.006164; 0.120619
-0.000016; 0.000399; 0.001806; 0.005214; 0.008029; 0.009297; 0.009758; 0.009914; 0.037487
 0.000129;-0.000046;-0.004261;-0.008366;-0.010594;-0.011477;-0.011786;-0.011889;-0.191447
-0.000008; 0.000041;-0.001345;-0.003839;-0.005185;-0.005699;-0.005876;-0.005934; 0.005717
-0.000068;-0.001569;-0.006560;-0.010389;-0.011313;-0.011442;-0.011456;-0.011457; 0.031919
-0.000395;-0.004724;-0.009545;-0.013337;-0.014664;-0.015038;-0.015149;-0.015183; 0.313609
 0.000186; 0.003660; 0.007754; 0.009387; 0.010176; 0.010510; 0.010631; 0.010671;-0.054356
 0.000184; 0.003228; 0.005725; 0.004907; 0.003792; 0.003263; 0.003069; 0.003003;-0.075905
-0.000206;-0.001979;-0.005101;-0.007912;-0.008584;-0.008680;-0.008692;-0.008694; 0.228527
 0.000442; 0.005263; 0.004931;-0.001061;-0.005313;-0.007098;-0.007730;-0.007943;-0.310903
 0.000286; 0.003541; 0.007402; 0.008875; 0.008599; 0.008316; 0.008196; 0.008154;-0.240041
-0.000089;-0.000445;-0.001779;-0.004504;-0.005938;-0.006471;-0.006652;-0.006712; 0.121483
-0.000041;-0.000869; 0.001073; 0.004165; 0.005354; 0.005704; 0.005810; 0.005843;-0.030894
-0.000010;-0.000035;-0.001394;-0.001965;-0.001535;-0.001236;-0.001115;-0.001074; 0.034331
-0.000143;-0.001372;-0.002665;-0.003459;-0.003541;-0.003528;-0.003519;-0.003516; 0.148162
-0.000110;-0.002216;-0.007484;-0.011805;-0.013748;-0.014462;-0.014706;-0.014787; 0.052242
 0.000126; 0.001718; 0.005624; 0.008733; 0.009577; 0.009761; 0.009807; 0.009820;-0.119913
-0.000029; 0.000217; 0.001201; 0.002712; 0.003734; 0.004150; 0.004295; 0.004344; 0.064390
-0.000247;-0.002646;-0.001859; 0.001694; 0.004281; 0.005395; 0.005795; 0.005929; 0.229023
-0.000089;-0.000445;-0.001779;-0.004504;-0.005938;-0.006471;-0.006652;-0.006712; 0.121483
-0.000188;-0.002129;-0.000011; 0.004418; 0.006657; 0.007460; 0.007728; 0.007817; 0.114563
-0.000176;-0.001287; 0.000318; 0.003597; 0.006008; 0.007062; 0.007442; 0.007570; 0.181546
 0.000059; 0.000346; 0.000800; 0.000860; 0.000470; 0.000243; 0.000155; 0.000125;-0.100294
 0.000261; 0.003144; 0.007420; 0.009260; 0.008998; 0.008688; 0.008555; 0.008508;-0.210630
 0.000179; 0.002190; 0.001259;-0.002095;-0.004299;-0.005221;-0.005549;-0.005660;-0.136615
-0.000041;-0.001341;-0.005565;-0.008161;-0.008619;-0.008629;-0.008611;-0.008603;-0.005440
-0.000094;-0.000858;-0.000275; 0.001639; 0.003114; 0.003765; 0.004000; 0.004079; 0.083612
-0.000056;-0.000023; 0.001718; 0.003852; 0.005186; 0.005740; 0.005937; 0.006003; 0.063732
 0.000068; 0.000565; 0.002275; 0.004817; 0.006132; 0.006632; 0.006804; 0.006861;-0.093649
-0.000187;-0.001665;-0.001843;-0.001569;-0.001161;-0.000958;-0.000882;-0.000856; 0.189411
-0.000424;-0.006378;-0.013348;-0.015688;-0.015578;-0.015332;-0.015222;-0.015183; 0.250221
-0.000247;-0.002646;-0.001859; 0.001694; 0.004281; 0.005395; 0.005795; 0.005929; 0.229023
 0.000420; 0.006188; 0.011871; 0.011091; 0.008840; 0.007693; 0.007263; 0.007117;-0.241306
 0.000143; 0.001645; 0.003704; 0.005154; 0.005488; 0.005538; 0.005546; 0.005547;-0.116379
-0.000102;-0.002231;-0.005252;-0.008415;-0.010701;-0.011713;-0.012080;-0.012204; 0.024410
-0.000028;-0.000666;-0.004688;-0.009952;-0.012627;-0.013623;-0.013961;-0.014074; 0.031103
 0.000084; 0.000737;-0.002871;-0.007362;-0.009367;-0.010064;-0.010295;-0.010371;-0.029681
-0.000064;-0.000956;-0.002988;-0.005643;-0.007129;-0.007712;-0.007915;-0.007983; 0.054520
 0.000195; 0.002094; 0.001503; 0.000110;-0.000801;-0.001204;-0.001351;-0.001401;-0.144404
-0.000247;-0.002236;-0.003519;-0.004464;-0.004197;-0.003914;-0.003791;-0.003747; 0.238375
 0.000539; 0.007370; 0.013162; 0.014413; 0.013919; 0.013545; 0.013394; 0.013340;-0.365474
-0.000142;-0.002540;-0.009838;-0.016500;-0.018864;-0.019534;-0.019734;-0.019796; 0.107186
-0.000204;-0.001787;-0.001684;-0.001284;-0.000777;-0.000513;-0.000412;-0.000378; 0.200239
-0.000305;-0.004517;-0.012849;-0.019287;-0.021328;-0.021860;-0.022011;-0.022057; 0.237579
-0.000130;-0.001478;-0.003499;-0.005975;-0.007063;-0.007417;-0.007530;-0.007566; 0.121712
 0.000039; 0.000760; 0.001033; 0.001636; 0.002302; 0.002619; 0.002736; 0.002776; 0.000109
-0.000147;-0.001726; 0.001491; 0.005598; 0.007144; 0.007624; 0.007775; 0.007824; 0.060634
 0.000097; 0.001025; 0.004200; 0.007485; 0.008564; 0.008849; 0.008931; 0.008957;-0.108333
 0.000305; 0.004353; 0.009220; 0.011281; 0.011347; 0.011199; 0.011125; 0.011099;-0.209858
 0.000155; 0.002127; 0.001453;-0.000859;-0.002005;-0.002414;-0.002550;-0.002594;-0.090793
 0.000378; 0.005125; 0.008267; 0.007186; 0.005728; 0.005059; 0.004817; 0.004736;-0.274888
 0.000095; 0.001323; 0.006285; 0.011776; 0.013922; 0.014583; 0.014789; 0.014855;-0.079341
 0.000052; 0.001704; 0.001603;-0.000420;-0.001195;-0.001411;-0.001475;-0.001495; 0.037390
 0.000539; 0.007370; 0.013162; 0.014413; 0.013919; 0.013545; 0.013394; 0.013340;-0.365474
-0.000031;-0.000812;-0.001055; 0.000113; 0.001023; 0.001428; 0.001576; 0.001626;-0.024970
 0.000284; 0.003570; 0.006644; 0.005520; 0.003508; 0.002520; 0.002154; 0.002030;-0.238079
 0.000477; 0.006569; 0.008337; 0.005468; 0.003374; 0.002486; 0.002170; 0.002064;-0.290281
 0.000073; 0.001233; 0.001251; 0.000764; 0.000754; 0.000803; 0.000827; 0.000836;-0.000325
 0.000216; 0.002747; 0.004873; 0.005291; 0.005082; 0.004944; 0.004890; 0.004872;-0.157533
-0.000226;-0.002511;-0.002037;-0.000924;-0.000564;-0.000462;-0.000431;-0.000422; 0.173590
-0.000052;-0.000759;-0.003789;-0.006472;-0.007336;-0.007568;-0.007636;-0.007657; 0.047353
-0.000041;-0.000869; 0.001073; 0.004165; 0.005354; 0.005704; 0.005810; 0.005843;-0.030894
-0.000089;-0.000277; 0.000236; 0.000191; 0.000323; 0.000413; 0.000449; 0.000461; 0.117513
 0.000158; 0.001059;-0.002869;-0.007016;-0.008573;-0.009032;-0.009171;-0.009215;-0.144665
 0.000072; 0.000116; 0.000765; 0.002199; 0.002727; 0.002873; 0.002916; 0.002929;-0.115011
 0.000172; 0.002612; 0.005052; 0.005133; 0.004657; 0.004412; 0.004322; 0.004291;-0.114973
 0.000072; 0.000116; 0.000765; 0.002199; 0.002727; 0.002873; 0.002916; 0.002929;-0.115011
-0.000239;-0.003740;-0.007591;-0.009490;-0.010146;-0.010355;-0.010422;-0.010444; 0.150148
 0.000041; 0.001529; 0.007934; 0.013768; 0.016166; 0.016967; 0.017229; 0.017314; 0.005188
-0.000211;-0.002550;-0.005017;-0.004994;-0.004124;-0.003667;-0.003495;-0.003436; 0.174079
 0.000143; 0.001645; 0.003704; 0.005154; 0.005488; 0.005538; 0.005546; 0.005547;-0.116379
-0.000446;-0.005313;-0.007731;-0.008879;-0.009414;-0.009610;-0.009676;-0.009698; 0.315090
 0.000411; 0.005252; 0.009269; 0.009511; 0.008397; 0.007760; 0.007514; 0.007429;-0.292282
 0.000052;-0.000507;-0.005038;-0.009279;-0.011302;-0.012056;-0.012313;-0.012398;-0.097382
-0.000208;-0.003453;-0.012033;-0.018043;-0.019634;-0.019991;-0.020083;-0.020111; 0.159124
 0.000147; 0.003435; 0.006556; 0.006606; 0.006382; 0.006279; 0.006242; 0.006229; 0.029051
-0.000344;-0.004911;-0.008510;-0.008370;-0.007554;-0.007150;-0.007001;-0.006951; 0.221612
 0.000043; 0.000500; 0.000904;-0.000411;-0.001749;-0.002358;-0.002578;-0.002653;-0.045975
-0.000029;-0.000394;-0.002217;-0.003018;-0.002835;-0.002669;-0.002600;-0.002575; 0.045984
-0.000029;-0.000394;-0.002217;-0.003018;-0.002835;-0.002669;-0.002600;-0.002575; 0.045984
-0.000069;-0.000834;-0.000435; 0.002019; 0.003881; 0.004686; 0.004974; 0.005071; 0.047981
 0.000052;-0.000507;-0.005038;-0.009279;-0.011302;-0.012056;-0.012313;-0.012398;-0.097382
-0.000382;-0.006241;-0.013603;-0.016186;-0.016309;-0.016181;-0.016115;-0.016092; 0.213220
 0.000134; 0.001130; 0.003618; 0.004908; 0.004642; 0.004384; 0.004277; 0.004239;-0.161962
 0.000104; 0.000698; 0.001089; 0.002391; 0.002857; 0.002959; 0.002982; 0.002989;-0.111608
 0.000411; 0.005252; 0.009269; 0.009511; 0.008397; 0.007760; 0.007514; 0.007429;-0.292282
-0.000111;-0.000853;-0.001129;-0.000684; 0.000020; 0.000377; 0.000511; 0.000557; 0.150166
-0.000129;-0.002627;-0.003724;-0.001757;-0.000372; 0.000205; 0.000410; 0.000479; 0.024094
 0.000043; 0.001199; 0.004561; 0.007494; 0.008712; 0.009119; 0.009252; 0.009295;-0.006541
-0.000265;-0.003781;-0.009172;-0.012900;-0.013945;-0.014175;-0.014232;-0.014249; 0.205116
 0.000229; 0.003771; 0.011176; 0.019375; 0.023671; 0.025314; 0.025879; 0.026068;-0.136020
 0.000312; 0.004722; 0.010344; 0.013227; 0.013837; 0.013925; 0.013937; 0.013939;-0.193245
-0.000086;-0.000874;-0.001856;-0.002338;-0.002359;-0.002336;-0.002325;-0.002320; 0.079270
-0.000253;-0.003099;-0.004395;-0.003969;-0.003346;-0.003037;-0.002922;-0.002883; 0.178798
 0.000076; 0.000858;-0.004338;-0.010445;-0.012663;-0.013313;-0.013510;-0.013573;-0.014232
-0.000106;-0.001162;-0.003274;-0.006290;-0.007656;-0.008110;-0.008257;-0.008304; 0.079082
 0.000246; 0.002548; 0.003576; 0.002413; 0.001186; 0.000642; 0.000448; 0.000382;-0.232930
-0.000212;-0.002979;-0.002321; 0.000218; 0.001222; 0.001529; 0.001624; 0.001655; 0.108208
 0.000045; 0.000470; 0.004345; 0.009749; 0.012495; 0.013532; 0.013888; 0.014006;-0.062321
-0.000122;-0.002328;-0.007113;-0.011647;-0.013591;-0.014228;-0.014431;-0.014497; 0.046830
-0.000053;-0.000928;-0.002999;-0.003341;-0.002709;-0.002330;-0.002182;-0.002131; 0.045829
-0.000023;-0.000375; 0.000348;-0.000075;-0.001233;-0.001859;-0.002099;-0.002181;-0.005341
 0.000095; 0.001323; 0.006285; 0.011776; 0.013922; 0.014583; 0.014789; 0.014855;-0.079341
-0.000086;-0.000874;-0.001856;-0.002338;-0.002359;-0.002336;-0.002325;-0.002320; 0.079270
 0.000000; 0.000782; 0.001118; 0.000899; 0.001157; 0.001342; 0.001417; 0.001444; 0.071782
 0.000045; 0.000470; 0.004345; 0.009749; 0.012495; 0.013532; 0.013888; 0.014006;-0.062321
-0.000111;-0.000853;-0.001129;-0.000684; 0.000020; 0.000377; 0.000511; 0.000557; 0.150166
-0.000476;-0.006017;-0.009249;-0.009312;-0.008619;-0.008236;-0.008089;-0.008038; 0.345834
 0.000030; 0.000525; 0.003621; 0.007905; 0.009945; 0.010656; 0.010891; 0.010968;-0.025209
-0.000108;-0.000201; 0.002078; 0.003964; 0.004824; 0.005126; 0.005226; 0.005258; 0.142800
-0.000131;-0.001977;-0.004612;-0.004925;-0.004456;-0.004200;-0.004104;-0.004071; 0.081215
 0.000120; 0.000605;-0.001566;-0.003950;-0.005507;-0.006194;-0.006444;-0.006528;-0.114271
-0.000125;-0.002228;-0.004084;-0.004775;-0.005021;-0.005092;-0.005114;-0.005120; 0.047346
-0.000158;-0.001801;-0.001869;-0.000457; 0.000550; 0.000962; 0.001106; 0.001155; 0.119238
 0.000215; 0.002671; 0.003683; 0.002801; 0.001916; 0.001514; 0.001368; 0.001318;-0.158523
-0.000071;-0.001890;-0.006052;-0.009194;-0.010416;-0.010806;-0.010930;-0.010970; 0.011934
 0.000059; 0.000346; 0.000800; 0.000860; 0.000470; 0.000243; 0.000155; 0.000125;-0.100294
 0.000044; 0.001481; 0.000577;-0.001991;-0.003072;-0.003432;-0.003550;-0.003589; 0.048862
-0.000279;-0.003414;-0.004054;-0.001165; 0.001258; 0.002329; 0.002716; 0.002846; 0.201469
 0.000260; 0.003535; 0.005548; 0.004569; 0.003188; 0.002508; 0.002255; 0.002168;-0.141629
 0.000004; 0.001042; 0.004519; 0.006979; 0.008044; 0.008436; 0.008571; 0.008615; 0.045388
 0.000072; 0.000116; 0.000765; 0.002199; 0.002727; 0.002873; 0.002916; 0.002929;-0.115011
-0.000196;-0.002411;-0.003014;-0.002110;-0.001219;-0.000804;-0.000651;-0.000599; 0.137861
 0.000155; 0.002127; 0.001453;-0.000859;-0.002005;-0.002414;-0.002550;-0.002594;-0.090793
-0.000191;-0.002239;-0.004249;-0.004595;-0.003740;-0.003199;-0.002984;-0.002909; 0.167928
-0.000106;-0.001162;-0.003274;-0.006290;-0.007656;-0.008110;-0.008257;-0.008304; 0.079082
 0.000067; 0.000204;-0.003345;-0.006337;-0.007414;-0.007760;-0.007872;-0.007908;-0.052766
 0.000018; 0.000039; 0.000117;-0.000903;-0.002136;-0.002749;-0.002979;-0.003057;-0.036303
 0.000138; 0.001078; 0.002273; 0.003167; 0.002917; 0.002666; 0.002559; 0.002521;-0.148300
 0.000041; 0.001529; 0.007934; 0.013768; 0.016166; 0.016967; 0.017229; 0.017314; 0.005188
 0.000393; 0.005547; 0.012311; 0.016217; 0.017044; 0.017130; 0.017129; 0.017125;-0.274320
-0.000041;-0.000586;-0.001412;-0.002759;-0.003469;-0.003722;-0.003806;-0.003834; 0.025166
 0.000034;-0.000142;-0.003157;-0.006165;-0.007513;-0.007998;-0.008162;-0.008216;-0.046557
 0.000328; 0.004629; 0.006406; 0.006483; 0.006871; 0.007116; 0.007214; 0.007248;-0.200502
 0.000147; 0.003435; 0.006556; 0.006606; 0.006382; 0.006279; 0.006242; 0.006229; 0.029051
-0.000246;-0.003805;-0.011027;-0.017771;-0.020798;-0.021865;-0.022221;-0.022338; 0.151113
-0.000155;-0.002513;-0.005774;-0.006457;-0.005997;-0.005699;-0.005582;-0.005541; 0.094734
-0.000205;-0.002750;-0.004324;-0.003488;-0.002631;-0.002262;-0.002132;-0.002088; 0.160715
-0.000246;-0.003805;-0.011027;-0.017771;-0.020798;-0.021865;-0.022221;-0.022338; 0.151113
 0.000035; 0.001765; 0.003519; 0.003995; 0.004787; 0.005230; 0.005402; 0.005461; 0.076023
-0.000096;-0.000042; 0.001377; 0.001100; 0.000736; 0.000582; 0.000527; 0.000509; 0.138021
 0.000171; 0.001904; 0.002851; 0.003166; 0.003292; 0.003351; 0.003373; 0.003381;-0.139445
 0.000118; 0.000981; 0.004088; 0.006532; 0.007057; 0.007146; 0.007164; 0.007169;-0.170890
 0.000201; 0.003824; 0.010496; 0.015791; 0.018175; 0.019032; 0.019321; 0.019416;-0.100529
 0.000045; 0.000470; 0.004345; 0.009749; 0.012495; 0.013532; 0.013888; 0.014006;-0.062321
-0.000106;-0.001162;-0.003274;-0.006290;-0.007656;-0.008110;-0.008257;-0.008304; 0.079082
 0.000484; 0.006130; 0.011067; 0.012541; 0.012145; 0.011786; 0.011636; 0.011583;-0.347376
-0.000274;-0.003419;-0.005463;-0.006763;-0.007352;-0.007560;-0.007629;-0.007652; 0.209195
 0.000094; 0.001884; 0.004246; 0.006065; 0.007055; 0.007440; 0.007572; 0.007616;-0.019806
 0.000041; 0.001529; 0.007934; 0.013768; 0.016166; 0.016967; 0.017229; 0.017314; 0.005188
-0.000115;-0.001244;-0.000075; 0.000156;-0.000499;-0.000889;-0.001041;-0.001093; 0.081194
-0.000176;-0.001287; 0.000318; 0.003597; 0.006008; 0.007062; 0.007442; 0.007570; 0.181546
 0.000033; 0.000019;-0.002698;-0.008117;-0.011548;-0.012940;-0.013427;-0.013590;-0.035346
 0.000024; 0.000146; 0.000296; 0.001778; 0.003062; 0.003641; 0.003852; 0.003924;-0.034105
 0.000158; 0.001059;-0.002869;-0.007016;-0.008573;-0.009032;-0.009171;-0.009215;-0.144665
-0.000261;-0.002755;-0.005486;-0.007900;-0.008745;-0.008988;-0.009061;-0.009084; 0.253716
-0.000179;-0.002050;-0.002748;-0.001804;-0.000668;-0.000113; 0.000093; 0.000164; 0.144139
-0.000068;-0.001569;-0.006560;-0.010389;-0.011313;-0.011442;-0.011456;-0.011457; 0.031919
 0.000134; 0.001130; 0.003618; 0.004908; 0.004642; 0.004384; 0.004277; 0.004239;-0.161962
-0.000192;-0.002189;-0.007156;-0.011849;-0.013411;-0.013831;-0.013953;-0.013990; 0.201522
 0.000130; 0.001223; 0.002022; 0.002546; 0.002331; 0.002132; 0.002048; 0.002018;-0.120130
-0.000286;-0.004042;-0.006526;-0.006471;-0.005935;-0.005649;-0.005541;-0.005504; 0.177038
-0.000149;-0.001578;-0.004666;-0.008731;-0.010516;-0.011096;-0.011280;-0.011340; 0.141650
 0.000064; 0.001639; 0.001394;-0.001406;-0.003016;-0.003630;-0.003840;-0.003910; 0.029446
-0.000465;-0.006707;-0.011786;-0.013202;-0.013292;-0.013231;-0.013198;-0.013186; 0.300972
 0.000104; 0.000698; 0.001089; 0.002391; 0.002857; 0.002959; 0.002982; 0.002989;-0.111608
-0.000103; 0.000118; 0.002703; 0.004615; 0.005783; 0.006293; 0.006478; 0.006540; 0.152264
-0.000255;-0.003688;-0.003776;-0.002014;-0.001433;-0.001294;-0.001258;-0.001247; 0.130008
 0.000043; 0.001199; 0.004561; 0.007494; 0.008712; 0.009119; 0.009252; 0.009295;-0.006541
-0.000098; 0.000214; 0.005410; 0.011289; 0.014468; 0.015711; 0.016143; 0.016287; 0.120102
 0.000233; 0.003804; 0.002746;-0.002326;-0.005108;-0.006166;-0.006529;-0.006650;-0.083374
-0.000465;-0.006707;-0.011786;-0.013202;-0.013292;-0.013231;-0.013198;-0.013186; 0.300972
 0.000138; 0.000563;-0.002406;-0.006441;-0.009078;-0.010200;-0.010601;-0.010736;-0.169289
 0.000120; 0.000605;-0.001566;-0.003950;-0.005507;-0.006194;-0.006444;-0.006528;-0.114271
 0.000179; 0.002190; 0.001259;-0.002095;-0.004299;-0.005221;-0.005549;-0.005660;-0.136615
 0.000300; 0.002824; 0.003547; 0.003634; 0.003216; 0.002954; 0.002850; 0.002814;-0.283226
-0.000130;-0.001478;-0.003499;-0.005975;-0.007063;-0.007417;-0.007530;-0.007566; 0.121712
-0.000089;-0.000277; 0.000236; 0.000191; 0.000323; 0.000413; 0.000449; 0.000461; 0.117513
 0.000085; 0.000784; 0.000908; 0.001328; 0.001554; 0.001624; 0.001644; 0.001651;-0.056215
-0.000340;-0.005568;-0.009850;-0.009554;-0.008385;-0.007769;-0.007534;-0.007454; 0.165299
 0.000097; 0.002042; 0.002048; 0.000812; 0.000786; 0.000924; 0.000991; 0.001016; 0.018118
-0.000231;-0.002768;-0.004085;-0.005056;-0.005785;-0.006113;-0.006233;-0.006274; 0.182599
 0.000484; 0.006130; 0.011067; 0.012541; 0.012145; 0.011786; 0.011636; 0.011583;-0.347376
 0.000397; 0.005765; 0.012694; 0.017180; 0.018945; 0.019553; 0.019755; 0.019821;-0.261030
-0.000053;-0.000928;-0.002999;-0.003341;-0.002709;-0.002330;-0.002182;-0.002131; 0.045829
 0.000043; 0.001199; 0.004561; 0.007494; 0.008712; 0.009119; 0.009252; 0.009295;-0.006541
 0.000072; 0.000116; 0.000765; 0.002199; 0.002727; 0.002873; 0.002916; 0.002929;-0.115011
 0.000126; 0.001718; 0.005624; 0.008733; 0.009577; 0.009761; 0.009807; 0.009820;-0.119913
 0.000104; 0.000698; 0.001089; 0.002391; 0.002857; 0.002959; 0.002982; 0.002989;-0.111608
-0.000032; 0.000379; 0.005178; 0.010340; 0.012757; 0.013641; 0.013941; 0.014041; 0.050494
 0.000442; 0.005263; 0.004931;-0.001061;-0.005313;-0.007098;-0.007730;-0.007943;-0.310903
-0.000169;-0.001354;-0.002043;-0.001763;-0.000947;-0.000508;-0.000341;-0.000283; 0.169834
-0.000155;-0.002513;-0.005774;-0.006457;-0.005997;-0.005699;-0.005582;-0.005541; 0.094734
-0.000149;-0.001578;-0.004666;-0.008731;-0.010516;-0.011096;-0.011280;-0.011340; 0.141650
-0.000212;-0.003016;-0.005457;-0.005402;-0.004690;-0.004305;-0.004159;-0.004108; 0.129879
 0.000102; 0.000975; 0.002907; 0.003680; 0.003423; 0.003220; 0.003138; 0.003110;-0.105732
 0.000130; 0.001223; 0.002022; 0.002546; 0.002331; 0.002132; 0.002048; 0.002018;-0.120130
-0.000265;-0.003781;-0.009172;-0.012900;-0.013945;-0.014175;-0.014232;-0.014249; 0.205116
 0.000162; 0.002200; 0.009006; 0.017434; 0.021271; 0.022587; 0.023018; 0.023159;-0.144295
-0.000192;-0.002189;-0.007156;-0.011849;-0.013411;-0.013831;-0.013953;-0.013990; 0.201522
 0.000156; 0.001904; 0.002283; 0.001064; 0.000098;-0.000321;-0.000471;-0.000521;-0.098709
-0.000129;-0.002670;-0.005775;-0.006427;-0.006400;-0.006353;-0.006333;-0.006326; 0.018021
 0.000100; 0.002070; 0.003603; 0.004180; 0.004622; 0.004828; 0.004904; 0.004930;-0.008010
 0.000136; 0.002178; 0.005295; 0.007612; 0.008722; 0.009146; 0.009292; 0.009341;-0.085569
-0.000129;-0.002627;-0.003724;-0.001757;-0.000372; 0.000205; 0.000410; 0.000479; 0.024094
 0.000052;-0.000507;-0.005038;-0.009279;-0.011302;-0.012056;-0.012313;-0.012398;-0.097382
 0.000023; 0.000470; 0.000217; 0.001667; 0.003213; 0.003922; 0.004180; 0.004267; 0.007500
-0.000286;-0.004042;-0.006526;-0.006471;-0.005935;-0.005649;-0.005541;-0.005504; 0.177038
-0.000010; 0.000369;-0.000476;-0.002020;-0.002604;-0.002787;-0.002845;-0.002864; 0.077018
-0.000030; 0.000218; 0.000261; 0.000137; 0.000487; 0.000717; 0.000810; 0.000842; 0.074902
-0.000041;-0.000869; 0.001073; 0.004165; 0.005354; 0.005704; 0.005810; 0.005843;-0.030894
 0.000045; 0.000689;-0.001407;-0.002817;-0.002701;-0.002507;-0.002421;-0.002390;-0.020559
-0.000029; 0.000217; 0.001201; 0.002712; 0.003734; 0.004150; 0.004295; 0.004344; 0.064390
-0.000276;-0.004729;-0.010040;-0.011484;-0.011254;-0.011018;-0.010919;-0.010884; 0.148040
-0.000029;-0.000394;-0.002217;-0.003018;-0.002835;-0.002669;-0.002600;-0.002575; 0.045984
 0.000096; 0.000643; 0.000097; 0.001770; 0.003307; 0.003976; 0.004214; 0.004295;-0.093280
-0.000047;-0.001029;-0.002955;-0.003673;-0.003802;-0.003838;-0.003850;-0.003854; 0.009011
-0.000029; 0.000217; 0.001201; 0.002712; 0.003734; 0.004150; 0.004295; 0.004344; 0.064390
 0.000186; 0.002558; 0.006034; 0.010820; 0.013604; 0.014690; 0.015065; 0.015190;-0.129405
-0.000024;-0.001046;-0.004528;-0.007684;-0.009083;-0.009574;-0.009737;-0.009790;-0.021772
 0.000079; 0.000064;-0.001759;-0.002877;-0.003382;-0.003583;-0.003653;-0.003677;-0.099114
-0.000029;-0.000394;-0.002217;-0.003018;-0.002835;-0.002669;-0.002600;-0.002575; 0.045984
-0.000086;-0.000874;-0.001856;-0.002338;-0.002359;-0.002336;-0.002325;-0.002320; 0.079270
-0.000042;-0.000998;-0.001083;-0.001493;-0.002244;-0.002638;-0.002787;-0.002838; 0.004234
 0.000258; 0.002839; 0.001808;-0.001420;-0.003499;-0.004363;-0.004668;-0.004771;-0.184113
 0.000029;-0.000425;-0.000913;-0.001610;-0.002406;-0.002776;-0.002910;-0.002956;-0.107784
 0.000174; 0.001585;-0.000530;-0.003692;-0.005320;-0.005934;-0.006144;-0.006214;-0.140765
 0.000201; 0.003824; 0.010496; 0.015791; 0.018175; 0.019032; 0.019321; 0.019416;-0.100529
 0.000015;-0.000443;-0.002445;-0.003325;-0.003369;-0.003325;-0.003303;-0.003295;-0.043399
 0.000288; 0.004292; 0.011564; 0.016645; 0.017950; 0.018189; 0.018237; 0.018249;-0.183031
 0.000393; 0.005547; 0.012311; 0.016217; 0.017044; 0.017130; 0.017129; 0.017125;-0.274320
 0.000054; 0.000893;-0.000407;-0.001629;-0.001516;-0.001324;-0.001238;-0.001208; 0.024070
-0.000340;-0.005568;-0.009850;-0.009554;-0.008385;-0.007769;-0.007534;-0.007454; 0.165299
-0.000010; 0.000369;-0.000476;-0.002020;-0.002604;-0.002787;-0.002845;-0.002864; 0.077018
 0.000171; 0.001904; 0.002851; 0.003166; 0.003292; 0.003351; 0.003373; 0.003381;-0.139445
 0.000124; 0.003360; 0.006746; 0.007177; 0.007286; 0.007341; 0.007362; 0.007370; 0.026829
 0.000002;-0.001265;-0.005321;-0.009298;-0.011614;-0.012568;-0.012905;-0.013019;-0.070053
-0.000094;-0.000858;-0.000275; 0.001639; 0.003114; 0.003765; 0.004000; 0.004079; 0.083612
-0.000087;-0.001156;-0.000873; 0.000380; 0.001310; 0.001726; 0.001878; 0.001929; 0.020900
-0.000087;-0.001156;-0.000873; 0.000380; 0.001310; 0.001726; 0.001878; 0.001929; 0.020900
-0.000129;-0.001289;-0.001947;-0.001999;-0.001768;-0.001636;-0.001586;-0.001569; 0.117453
 0.000266; 0.002991; 0.003426; 0.003187; 0.002984; 0.002877; 0.002835; 0.002821;-0.208036
 0.000099; 0.000150;-0.003052;-0.006763;-0.008608;-0.009279;-0.009505;-0.009579;-0.122819
 0.000184; 0.003228; 0.005725; 0.004907; 0.003792; 0.003263; 0.003069; 0.003003;-0.075905
-0.000424;-0.006378;-0.013348;-0.015688;-0.015578;-0.015332;-0.015222;-0.015183; 0.250221
-0.000336;-0.004322;-0.009455;-0.012561;-0.012908;-0.012782;-0.012704;-0.012674; 0.262042
 0.000176; 0.002107; 0.001184;-0.001777;-0.003659;-0.004440;-0.004717;-0.004810;-0.115123
-0.000188;-0.002129;-0.000011; 0.004418; 0.006657; 0.007460; 0.007728; 0.007817; 0.114563
-0.000286;-0.003065;-0.005001;-0.005510;-0.005103;-0.004821;-0.004707;-0.004667; 0.238556
 0.000001;-0.000780;-0.002950;-0.002847;-0.001966;-0.001484;-0.001298;-0.001235;-0.050595
 0.000305; 0.004353; 0.009220; 0.011281; 0.011347; 0.011199; 0.011125; 0.011099;-0.209858
-0.000170;-0.002733;-0.008363;-0.012890;-0.014507;-0.014994;-0.015146;-0.015195; 0.103376
-0.000310;-0.004210;-0.008264;-0.011764;-0.013447;-0.014047;-0.014247;-0.014313; 0.211801
 0.000215; 0.002671; 0.003683; 0.002801; 0.001916; 0.001514; 0.001368; 0.001318;-0.158523
-0.000179;-0.002022;-0.003805;-0.004623;-0.004651;-0.004604;-0.004582;-0.004574; 0.162080
-0.000110;-0.002216;-0.007484;-0.011805;-0.013748;-0.014462;-0.014706;-0.014787; 0.052242
 0.000042; 0.000356;-0.001033;-0.002931;-0.003640;-0.003841;-0.003900;-0.003919;-0.060124
-0.000015; 0.000255;-0.001073;-0.003450;-0.004503;-0.004856;-0.004970;-0.005007; 0.059373
-0.000131;-0.001977;-0.004612;-0.004925;-0.004456;-0.004200;-0.004104;-0.004071; 0.081215
-0.000158;-0.001801;-0.001869;-0.000457; 0.000550; 0.000962; 0.001106; 0.001155; 0.119238
 0.000484; 0.006130; 0.011067; 0.012541; 0.012145; 0.011786; 0.011636; 0.011583;-0.347376
-0.000103;-0.001139;-0.003825;-0.005070;-0.004657;-0.004306;-0.004161;-0.004110; 0.117073
 0.000079; 0.000064;-0.001759;-0.002877;-0.003382;-0.003583;-0.003653;-0.003677;-0.099114
 0.000308; 0.004343; 0.008671; 0.009027; 0.007932; 0.007309; 0.007069; 0.006986;-0.226204
 0.000074; 0.001030; 0.002027; 0.001913; 0.001451; 0.001204; 0.001110; 0.001077;-0.034591
-0.000064;-0.000956;-0.002988;-0.005643;-0.007129;-0.007712;-0.007915;-0.007983; 0.054520
-0.000115;-0.001244;-0.000075; 0.000156;-0.000499;-0.000889;-0.001041;-0.001093; 0.081194
 0.000155; 0.002127; 0.001453;-0.000859;-0.002005;-0.002414;-0.002550;-0.002594;-0.090793
 0.000281; 0.003500; 0.004822; 0.005644; 0.006318; 0.006614; 0.006721; 0.006757;-0.175661
-0.000082;-0.000964;-0.001146;-0.001772;-0.002356;-0.002617;-0.002711;-0.002743; 0.062777
-0.000139;-0.001369; 0.000432; 0.003423; 0.005133; 0.005833; 0.006081; 0.006164; 0.120619
-0.000212;-0.003016;-0.005457;-0.005402;-0.004690;-0.004305;-0.004159;-0.004108; 0.129879
 0.000118; 0.000981; 0.004088; 0.006532; 0.007057; 0.007146; 0.007164; 0.007169;-0.170890
-0.000102;-0.000191; 0.001547; 0.004686; 0.007091; 0.008142; 0.008520; 0.008648; 0.156105
 0.000184; 0.002330; 0.005182; 0.006227; 0.005778; 0.005418; 0.005270; 0.005218;-0.134443
-0.000209;-0.002568;-0.004513;-0.005695;-0.005937;-0.005948;-0.005941;-0.005938; 0.164255
 0.000106; 0.000314; 0.001168; 0.002318; 0.002297; 0.002156; 0.002090; 0.002066;-0.153638
 0.000189; 0.003554; 0.005429; 0.003857; 0.002635; 0.002122; 0.001940; 0.001879;-0.039226
-0.000237;-0.002360;-0.001104; 0.001898; 0.003836; 0.004639; 0.004923; 0.005018; 0.184718
-0.000006; 0.000070; 0.000488; 0.000696; 0.000883; 0.000985; 0.001025; 0.001039; 0.003142
 0.000279; 0.004298; 0.007042; 0.006977; 0.006854; 0.006837; 0.006836; 0.006837;-0.152610
-0.000016; 0.000399; 0.001806; 0.005214; 0.008029; 0.009297; 0.009758; 0.009914; 0.037487
-0.000246;-0.003805;-0.011027;-0.017771;-0.020798;-0.021865;-0.022221;-0.022338; 0.151113
 0.000089; 0.000695; 0.000504; 0.001093; 0.001500; 0.001652; 0.001702; 0.001719;-0.071196
-0.000025; 0.000217; 0.002958; 0.006029; 0.007515; 0.008058; 0.008242; 0.008303; 0.000620
 0.000092; 0.001957; 0.005237; 0.005943; 0.005510; 0.005223; 0.005110; 0.005071;-0.032143
 0.000054; 0.000850; 0.002655; 0.005392; 0.007082; 0.007776; 0.008021; 0.008103;-0.047567
 0.000073; 0.001233; 0.001251; 0.000764; 0.000754; 0.000803; 0.000827; 0.000836;-0.000325
 0.000104; 0.000698; 0.001089; 0.002391; 0.002857; 0.002959; 0.002982; 0.002989;-0.111608
-0.000293;-0.002780;-0.005030;-0.007584;-0.008668;-0.009021;-0.009134;-0.009170; 0.259646
 0.000044; 0.000074;-0.001633;-0.003634;-0.004691;-0.005099;-0.005239;-0.005286;-0.060508
-0.000328;-0.004490;-0.011250;-0.016337;-0.018022;-0.018498;-0.018641;-0.018686; 0.232210
 0.000130; 0.001223; 0.002022; 0.002546; 0.002331; 0.002132; 0.002048; 0.002018;-0.120130
 0.000001;-0.000780;-0.002950;-0.002847;-0.001966;-0.001484;-0.001298;-0.001235;-0.050595
 0.000036; 0.000345; 0.001446; 0.003214; 0.003989; 0.004233; 0.004309; 0.004333;-0.023939
-0.000108;-0.000201; 0.002078; 0.003964; 0.004824; 0.005126; 0.005226; 0.005258; 0.142800
-0.000340;-0.005568;-0.009850;-0.009554;-0.008385;-0.007769;-0.007534;-0.007454; 0.165299
-0.000041;-0.001341;-0.005565;-0.008161;-0.008619;-0.008629;-0.008611;-0.008603;-0.005440
 0.000457; 0.005508; 0.007703; 0.005763; 0.003730; 0.002793; 0.002451; 0.002335;-0.364840
 0.000244; 0.003022; 0.010387; 0.015851; 0.016836; 0.016857; 0.016818; 0.016800;-0.235087
-0.000006; 0.000208; 0.001954; 0.002178; 0.001597; 0.001254; 0.001121; 0.001074; 0.004006
-0.000106;-0.001162;-0.003274;-0.006290;-0.007656;-0.008110;-0.008257;-0.008304; 0.079082
-0.000129;-0.002627;-0.003724;-0.001757;-0.000372; 0.000205; 0.000410; 0.000479; 0.024094
-0.000041;-0.000586;-0.001412;-0.002759;-0.003469;-0.003722;-0.003806;-0.003834; 0.025166
-0.000036;-0.000444;-0.001705;-0.003441;-0.004421;-0.004820;-0.004961;-0.005008; 0.030416
-0.000006; 0.000070; 0.000488; 0.000696; 0.000883; 0.000985; 0.001025; 0.001039; 0.003142
 0.000338; 0.004665; 0.008859; 0.009879; 0.009506; 0.009222; 0.009107; 0.009067;-0.228808
-0.000053;-0.000930;-0.003681;-0.004764;-0.004598;-0.004435;-0.004367;-0.004343; 0.044803
-0.000071;-0.001475;-0.003319;-0.002668;-0.001707;-0.001262;-0.001101;-0.001046;-0.004588
 0.000045; 0.000689;-0.001407;-0.002817;-0.002701;-0.002507;-0.002421;-0.002390;-0.020559
 0.000260; 0.003535; 0.005548; 0.004569; 0.003188; 0.002508; 0.002255; 0.002168;-0.141629
 0.000067; 0.000204;-0.003345;-0.006337;-0.007414;-0.007760;-0.007872;-0.007908;-0.052766
 0.000109; 0.002365; 0.008170; 0.012423; 0.013755; 0.014107; 0.014208; 0.014239;-0.038091
-0.000226;-0.004623;-0.014892;-0.023493;-0.027130;-0.028384;-0.028800;-0.028936; 0.093465
-0.000136;-0.001663;-0.001303;-0.000153; 0.000441; 0.000679; 0.000763; 0.000791; 0.118695
-0.000236;-0.001592;-0.000634; 0.000615; 0.001577; 0.002003; 0.002156; 0.002208; 0.243801
-0.000110;-0.002216;-0.007484;-0.011805;-0.013748;-0.014462;-0.014706;-0.014787; 0.052242
-0.000131;-0.001977;-0.004612;-0.004925;-0.004456;-0.004200;-0.004104;-0.004071; 0.081215
-0.000089;-0.000445;-0.001779;-0.004504;-0.005938;-0.006471;-0.006652;-0.006712; 0.121483
 0.000076; 0.000858;-0.004338;-0.010445;-0.012663;-0.013313;-0.013510;-0.013573;-0.014232
-0.000169;-0.001354;-0.002043;-0.001763;-0.000947;-0.000508;-0.000341;-0.000283; 0.169834
-0.000085;-0.001003;-0.002147;-0.003081;-0.003531;-0.003706;-0.003767;-0.003788; 0.087444
-0.000392;-0.005018;-0.007405;-0.007594;-0.007449;-0.007367;-0.007336;-0.007325; 0.265202
 0.000124; 0.003360; 0.006746; 0.007177; 0.007286; 0.007341; 0.007362; 0.007370; 0.026829
-0.000434;-0.006728;-0.015463;-0.020330;-0.021666;-0.021986;-0.022073;-0.022099; 0.264208
 0.000034;-0.000213;-0.002671;-0.004284;-0.004856;-0.005049;-0.005114;-0.005135;-0.041293
 0.000124; 0.003360; 0.006746; 0.007177; 0.007286; 0.007341; 0.007362; 0.007370; 0.026829
-0.000239;-0.003740;-0.007591;-0.009490;-0.010146;-0.010355;-0.010422;-0.010444; 0.150148
-0.000179;-0.002022;-0.003805;-0.004623;-0.004651;-0.004604;-0.004582;-0.004574; 0.162080
-0.000242;-0.002639;-0.006846;-0.010621;-0.011789;-0.012064;-0.012137;-0.012158; 0.233931
-0.000131;-0.001977;-0.004612;-0.004925;-0.004456;-0.004200;-0.004104;-0.004071; 0.081215
 0.000056; 0.001038; 0.002359; 0.003599; 0.004434; 0.004798; 0.004930; 0.004975;-0.024641
-0.000155;-0.002513;-0.005774;-0.006457;-0.005997;-0.005699;-0.005582;-0.005541; 0.094734
-0.000179;-0.002022;-0.003805;-0.004623;-0.004651;-0.004604;-0.004582;-0.004574; 0.162080
-0.000279;-0.004660;-0.007019;-0.006808;-0.006922;-0.007043;-0.007096;-0.007115; 0.113963
-0.000111;-0.000853;-0.001129;-0.000684; 0.000020; 0.000377; 0.000511; 0.000557; 0.150166
 0.000106; 0.000314; 0.001168; 0.002318; 0.002297; 0.002156; 0.002090; 0.002066;-0.153638
 0.000089; 0.000695; 0.000504; 0.001093; 0.001500; 0.001652; 0.001702; 0.001719;-0.071196
 0.000143; 0.001645; 0.003704; 0.005154; 0.005488; 0.005538; 0.005546; 0.005547;-0.116379
 0.000338; 0.004136; 0.008647; 0.011774; 0.012706; 0.012938; 0.013002; 0.013022;-0.279108
 0.000201; 0.003824; 0.010496; 0.015791; 0.018175; 0.019032; 0.019321; 0.019416;-0.100529
-0.000006;-0.000030;-0.002310;-0.003718;-0.003615;-0.003426;-0.003342;-0.003311; 0.045490
 0.000010;-0.000565;-0.003037;-0.004872;-0.005477;-0.005650;-0.005702;-0.005718;-0.043374
-0.000072;-0.001492;-0.004362;-0.005941;-0.006423;-0.006566;-0.006610;-0.006625; 0.039084
 0.000004; 0.001042; 0.004519; 0.006979; 0.008044; 0.008436; 0.008571; 0.008615; 0.045388
 0.000508; 0.007084; 0.009785; 0.007406; 0.005440; 0.004601; 0.004303; 0.004202;-0.320410
 0.000269; 0.004580; 0.010638; 0.013601; 0.014554; 0.014864; 0.014966; 0.014999;-0.123008
 0.000059; 0.000346; 0.000800; 0.000860; 0.000470; 0.000243; 0.000155; 0.000125;-0.100294
-0.000386;-0.006055;-0.014669;-0.020891;-0.023219;-0.023953;-0.024186;-0.024261; 0.250681
-0.000205;-0.002405;-0.005703;-0.008324;-0.009250;-0.009535;-0.009626;-0.009655; 0.194274
 0.000393; 0.005547; 0.012311; 0.016217; 0.017044; 0.017130; 0.017129; 0.017125;-0.274320
-0.000030; 0.000218; 0.000261; 0.000137; 0.000487; 0.000717; 0.000810; 0.000842; 0.074902
-0.000131;-0.001730;-0.001856;-0.000344; 0.000890; 0.001453; 0.001659; 0.001729; 0.079610
-0.000207;-0.003336;-0.007004;-0.007488;-0.006803;-0.006394;-0.006235;-0.006180; 0.150947
-0.000310;-0.004210;-0.008264;-0.011764;-0.013447;-0.014047;-0.014247;-0.014313; 0.211801
 0.000137; 0.001404; 0.000694;-0.001158;-0.002619;-0.003299;-0.003550;-0.003635;-0.103909
-0.000239;-0.003740;-0.007591;-0.009490;-0.010146;-0.010355;-0.010422;-0.010444; 0.150148
-0.000056;-0.000548;-0.000955;-0.001102;-0.001145;-0.001174;-0.001187;-0.001192; 0.053948
 0.000023; 0.000470; 0.000217; 0.001667; 0.003213; 0.003922; 0.004180; 0.004267; 0.007500
-0.000089;-0.001657;-0.005445;-0.006876;-0.006296;-0.005824;-0.005629;-0.005561; 0.054873
-0.000278;-0.003050;-0.007141;-0.011724;-0.013651;-0.014269;-0.014465;-0.014529; 0.252928
-0.000170;-0.002733;-0.008363;-0.012890;-0.014507;-0.014994;-0.015146;-0.015195; 0.103376
 0.000097; 0.001025; 0.004200; 0.007485; 0.008564; 0.008849; 0.008931; 0.008957;-0.108333
-0.000089;-0.000277; 0.000236; 0.000191; 0.000323; 0.000413; 0.000449; 0.000461; 0.117513
-0.000204;-0.001787;-0.001684;-0.001284;-0.000777;-0.000513;-0.000412;-0.000378; 0.200239
 0.000508; 0.007084; 0.009785; 0.007406; 0.005440; 0.004601; 0.004303; 0.004202;-0.320410
-0.000188;-0.002129;-0.000011; 0.004418; 0.006657; 0.007460; 0.007728; 0.007817; 0.114563
-0.000023;-0.000375; 0.000348;-0.000075;-0.001233;-0.001859;-0.002099;-0.002181;-0.005341
 0.000233; 0.003804; 0.002746;-0.002326;-0.005108;-0.006166;-0.006529;-0.006650;-0.083374
 0.000158; 0.001059;-0.002869;-0.007016;-0.008573;-0.009032;-0.009171;-0.009215;-0.144665
-0.000451;-0.006395;-0.014117;-0.018737;-0.019927;-0.020166;-0.020220;-0.020235; 0.314371
 0.000300; 0.002824; 0.003547; 0.003634; 0.003216; 0.002954; 0.002850; 0.002814;-0.283226
 0.000214; 0.002269; 0.003069; 0.003280; 0.003368; 0.003417; 0.003437; 0.003444;-0.169590
 0.000067; 0.000425;-0.000451;-0.001821;-0.002765;-0.003177;-0.003325;-0.003375;-0.079313
-0.000103; 0.000118; 0.002703; 0.004615; 0.005783; 0.006293; 0.006478; 0.006540; 0.152264
-0.000328;-0.004490;-0.011250;-0.016337;-0.018022;-0.018498;-0.018641;-0.018686; 0.232210
 0.000067; 0.000204;-0.003345;-0.006337;-0.007414;-0.007760;-0.007872;-0.007908;-0.052766
-0.000451;-0.006395;-0.014117;-0.018737;-0.019927;-0.020166;-0.020220;-0.020235; 0.314371
 0.000052;-0.000507;-0.005038;-0.009279;-0.011302;-0.012056;-0.012313;-0.012398;-0.097382
 0.000164; 0.001496; 0.004345; 0.007575; 0.008597; 0.008832; 0.008891; 0.008908;-0.189836
 0.000096; 0.000643; 0.000097; 0.001770; 0.003307; 0.003976; 0.004214; 0.004295;-0.093280
 0.000124; 0.001249; 0.002930; 0.003978; 0.003974; 0.003870; 0.003821; 0.003804;-0.118129
 0.000010;-0.000565;-0.003037;-0.004872;-0.005477;-0.005650;-0.005702;-0.005718;-0.043374
-0.000015; 0.000255;-0.001073;-0.003450;-0.004503;-0.004856;-0.004970;-0.005007; 0.059373
-0.000131;-0.001730;-0.001856;-0.000344; 0.000890; 0.001453; 0.001659; 0.001729; 0.079610
-0.000316;-0.003764;-0.006640;-0.008090;-0.008250;-0.008195;-0.008161;-0.008148; 0.244820
 0.000054; 0.000850; 0.002655; 0.005392; 0.007082; 0.007776; 0.008021; 0.008103;-0.047567
-0.000080;-0.000461; 0.002379; 0.005766; 0.007338; 0.007896; 0.008082; 0.008143; 0.085038
-0.000093;-0.000638;-0.002439;-0.004155;-0.004508;-0.004546;-0.004548;-0.004547; 0.137971
 0.000246; 0.002548; 0.003576; 0.002413; 0.001186; 0.000642; 0.000448; 0.000382;-0.232930
-0.000008; 0.000041;-0.001345;-0.003839;-0.005185;-0.005699;-0.005876;-0.005934; 0.005717
-0.000147;-0.001726; 0.001491; 0.005598; 0.007144; 0.007624; 0.007775; 0.007824; 0.060634
 0.000484; 0.006130; 0.011067; 0.012541; 0.012145; 0.011786; 0.011636; 0.011583;-0.347376
-0.000039;-0.001011;-0.001542;-0.003098;-0.005075;-0.006074;-0.006451;-0.006580;-0.041690
 0.000181; 0.002879; 0.008912; 0.014174; 0.016162; 0.016782; 0.016977; 0.017040;-0.111692
 0.000147; 0.003435; 0.006556; 0.006606; 0.006382; 0.006279; 0.006242; 0.006229; 0.029051
 0.000254; 0.002939; 0.005514; 0.007222; 0.007744; 0.007881; 0.007920; 0.007932;-0.210224
 0.000149; 0.001047;-0.002661;-0.008052;-0.011004;-0.012149;-0.012545;-0.012676;-0.132123
 0.000134; 0.001130; 0.003618; 0.004908; 0.004642; 0.004384; 0.004277; 0.004239;-0.161962
-0.000154;-0.001006; 0.002245; 0.005866; 0.007539; 0.008143; 0.008346; 0.008414; 0.134074
-0.000392;-0.005678;-0.009557;-0.008931;-0.007673;-0.007058;-0.006831;-0.006754; 0.217460
 0.000134; 0.002711; 0.003339; 0.000789;-0.000525;-0.000978;-0.001126;-0.001175; 0.018743
-0.000103; 0.000118; 0.002703; 0.004615; 0.005783; 0.006293; 0.006478; 0.006540; 0.152264
 0.000034;-0.000213;-0.002671;-0.004284;-0.004856;-0.005049;-0.005114;-0.005135;-0.041293
 0.000279; 0.004298; 0.007042; 0.006977; 0.006854; 0.006837; 0.006836; 0.006837;-0.152610
 0.000080; 0.000807; 0.000529; 0.000140; 0.000145; 0.000195; 0.000219; 0.000228;-0.068049
 0.000109; 0.002365; 0.008170; 0.012423; 0.013755; 0.014107; 0.014208; 0.014239;-0.038091
-0.000111;-0.000853;-0.001129;-0.000684; 0.000020; 0.000377; 0.000511; 0.000557; 0.150166
-0.000006; 0.000208; 0.001954; 0.002178; 0.001597; 0.001254; 0.001121; 0.001074; 0.004006
-0.000006; 0.000208; 0.001954; 0.002178; 0.001597; 0.001254; 0.001121; 0.001074; 0.004006
-0.000029; 0.000217; 0.001201; 0.002712; 0.003734; 0.004150; 0.004295; 0.004344; 0.064390
-0.000310;-0.004210;-0.008264;-0.011764;-0.013447;-0.014047;-0.014247;-0.014313; 0.211801
 0.000057; 0.000482; 0.007643; 0.017666; 0.022449; 0.024159; 0.024731; 0.024920;-0.114054
 0.000305; 0.004188; 0.007675; 0.009220; 0.009645; 0.009752; 0.009782; 0.009792;-0.188299
-0.000293;-0.002780;-0.005030;-0.007584;-0.008668;-0.009021;-0.009134;-0.009170; 0.259646
-0.000328;-0.004490;-0.011250;-0.016337;-0.018022;-0.018498;-0.018641;-0.018686; 0.232210
 0.000302; 0.004981; 0.010575; 0.012049; 0.011639; 0.011287; 0.011141; 0.011090;-0.156585
-0.000211;-0.002550;-0.005017;-0.004994;-0.004124;-0.003667;-0.003495;-0.003436; 0.174079
 0.000036; 0.000389;-0.001401;-0.002085;-0.001553;-0.001188;-0.001042;-0.000991; 0.008409
-0.000125;-0.002228;-0.004084;-0.004775;-0.005021;-0.005092;-0.005114;-0.005120; 0.047346
-0.000344;-0.004911;-0.008510;-0.008370;-0.007554;-0.007150;-0.007001;-0.006951; 0.221612
 0.000129;-0.000046;-0.004261;-0.008366;-0.010594;-0.011477;-0.011786;-0.011889;-0.191447
 0.000359; 0.004792; 0.007436; 0.006438; 0.005119; 0.004496; 0.004267; 0.004190;-0.229533
-0.000068;-0.001569;-0.006560;-0.010389;-0.011313;-0.011442;-0.011456;-0.011457; 0.031919
 0.000201; 0.002227; 0.004778; 0.006849; 0.007635; 0.007900; 0.007988; 0.008017;-0.175378
 0.000266; 0.002991; 0.003426; 0.003187; 0.002984; 0.002877; 0.002835; 0.002821;-0.208036
 0.000118; 0.000981; 0.004088; 0.006532; 0.007057; 0.007146; 0.007164; 0.007169;-0.170890
-0.000096;-0.000042; 0.001377; 0.001100; 0.000736; 0.000582; 0.000527; 0.000509; 0.138021
 0.000027; 0.000331; 0.001309; 0.001127; 0.000318;-0.000122;-0.000290;-0.000348;-0.039413
 0.000305; 0.004353; 0.009220; 0.011281; 0.011347; 0.011199; 0.011125; 0.011099;-0.209858
-0.000170;-0.002733;-0.008363;-0.012890;-0.014507;-0.014994;-0.015146;-0.015195; 0.103376
-0.000034;-0.000831;-0.000826;-0.000048; 0.000188; 0.000234; 0.000244; 0.000247;-0.041575
 0.000147; 0.001993; 0.004343; 0.004279; 0.003294; 0.002760; 0.002557; 0.002487;-0.113923
 0.000164; 0.001496; 0.004345; 0.007575; 0.008597; 0.008832; 0.008891; 0.008908;-0.189836
-0.000019;-0.000136;-0.002530;-0.004814;-0.005598;-0.005843;-0.005921;-0.005947; 0.056557
 0.000036; 0.000345; 0.001446; 0.003214; 0.003989; 0.004233; 0.004309; 0.004333;-0.023939
 0.000371; 0.004976; 0.008184; 0.009649; 0.010032; 0.010090; 0.010098; 0.010099;-0.256293
 0.000047;-0.000800;-0.001496; 0.000033; 0.000987; 0.001360; 0.001489; 0.001532;-0.113004
 0.000102; 0.000975; 0.002907; 0.003680; 0.003423; 0.003220; 0.003138; 0.003110;-0.105732
-0.000290;-0.004004;-0.006807;-0.006038;-0.004569;-0.003824;-0.003545;-0.003450; 0.181159
-0.000131;-0.001730;-0.001856;-0.000344; 0.000890; 0.001453; 0.001659; 0.001729; 0.079610
-0.000242;-0.002639;-0.006846;-0.010621;-0.011789;-0.012064;-0.012137;-0.012158; 0.233931
 0.000078; 0.000641; 0.003799; 0.006393; 0.006770; 0.006730; 0.006692; 0.006677;-0.111395
-0.000015; 0.000255;-0.001073;-0.003450;-0.004503;-0.004856;-0.004970;-0.005007; 0.059373
 0.000482; 0.006512; 0.012712; 0.016228; 0.017309; 0.017595; 0.017677; 0.017702;-0.338893
-0.000006; 0.000070; 0.000488; 0.000696; 0.000883; 0.000985; 0.001025; 0.001039; 0.003142
-0.000048;-0.000784;-0.002654;-0.003644;-0.003694;-0.003630;-0.003597;-0.003585; 0.038251
-0.000036;-0.000444;-0.001705;-0.003441;-0.004421;-0.004820;-0.004961;-0.005008; 0.030416
 0.000328; 0.004629; 0.006406; 0.006483; 0.006871; 0.007116; 0.007214; 0.007248;-0.200502
-0.000265;-0.003781;-0.009172;-0.012900;-0.013945;-0.014175;-0.014232;-0.014249; 0.205116
 0.000397; 0.005765; 0.012694; 0.017180; 0.018945; 0.019553; 0.019755; 0.019821;-0.261030
 0.000371; 0.004976; 0.008184; 0.009649; 0.010032; 0.010090; 0.010098; 0.010099;-0.256293
-0.000237;-0.002360;-0.001104; 0.001898; 0.003836; 0.004639; 0.004923; 0.005018; 0.184718
 0.000358; 0.005823; 0.012017; 0.015351; 0.016737; 0.017233; 0.017400; 0.017455;-0.185166
-0.000096;-0.000042; 0.001377; 0.001100; 0.000736; 0.000582; 0.000527; 0.000509; 0.138021
 0.000213; 0.001563; 0.001696; 0.001830; 0.001329; 0.001000; 0.000868; 0.000822;-0.249250
-0.000261;-0.002755;-0.005486;-0.007900;-0.008745;-0.008988;-0.009061;-0.009084; 0.253716
 0.000109; 0.002365; 0.008170; 0.012423; 0.013755; 0.014107; 0.014208; 0.014239;-0.038091
-0.000103;-0.001139;-0.003825;-0.005070;-0.004657;-0.004306;-0.004161;-0.004110; 0.117073
-0.000063;-0.001638;-0.001740;-0.001828;-0.002599;-0.003017;-0.003176;-0.003230;-0.027847
-0.000015; 0.000442;-0.001118;-0.002891;-0.003193;-0.003194;-0.003180;-0.003174; 0.082754
 0.000105; 0.001702; 0.006993; 0.011455; 0.013057; 0.013555; 0.013713; 0.013764;-0.086033
-0.000022;-0.000475; 0.004006; 0.008726; 0.009881; 0.010053; 0.010076; 0.010080;-0.042174
-0.000446;-0.005313;-0.007731;-0.008879;-0.009414;-0.009610;-0.009676;-0.009698; 0.315090
 0.000099; 0.000150;-0.003052;-0.006763;-0.008608;-0.009279;-0.009505;-0.009579;-0.122819
 0.000266; 0.002991; 0.003426; 0.003187; 0.002984; 0.002877; 0.002835; 0.002821;-0.208036
 0.000096; 0.001354; 0.001269; 0.001547; 0.002515; 0.003068; 0.003283; 0.003358;-0.065033
-0.000204;-0.001787;-0.001684;-0.001284;-0.000777;-0.000513;-0.000412;-0.000378; 0.200239
 0.000056; 0.001038; 0.002359; 0.003599; 0.004434; 0.004798; 0.004930; 0.004975;-0.024641
-0.000274;-0.003419;-0.005463;-0.006763;-0.007352;-0.007560;-0.007629;-0.007652; 0.209195
-0.000247;-0.002236;-0.003519;-0.004464;-0.004197;-0.003914;-0.003791;-0.003747; 0.238375
 0.000044; 0.000074;-0.001633;-0.003634;-0.004691;-0.005099;-0.005239;-0.005286;-0.060508
-0.000006; 0.000208; 0.001954; 0.002178; 0.001597; 0.001254; 0.001121; 0.001074; 0.004006
-0.000063;-0.001638;-0.001740;-0.001828;-0.002599;-0.003017;-0.003176;-0.003230;-0.027847
-0.000098; 0.000214; 0.005410; 0.011289; 0.014468; 0.015711; 0.016143; 0.016287; 0.120102
 0.000056; 0.001038; 0.002359; 0.003599; 0.004434; 0.004798; 0.004930; 0.004975;-0.024641
 0.000044; 0.000074;-0.001633;-0.003634;-0.004691;-0.005099;-0.005239;-0.005286;-0.060508
 0.000508; 0.007084; 0.009785; 0.007406; 0.005440; 0.004601; 0.004303; 0.004202;-0.320410
 0.000041; 0.001529; 0.007934; 0.013768; 0.016166; 0.016967; 0.017229; 0.017314; 0.005188
 0.000427; 0.006460; 0.009710; 0.009119; 0.008722; 0.008598; 0.008560; 0.008548;-0.201510
-0.000231;-0.002768;-0.004085;-0.005056;-0.005785;-0.006113;-0.006233;-0.006274; 0.182599
-0.000240;-0.002387;-0.004109;-0.004844;-0.004820;-0.004755;-0.004727;-0.004716; 0.233939
