-0.000084;-0.000550; 0.000227; 0.001141; 0.001896; 0.002263; 0.002401; 0.002449; 0.097368
-0.000128;-0.000803;-0.001091; 0.000431; 0.002280; 0.003174; 0.003505; 0.003618; 0.169553
-0.000067;-0.000044;-0.001239;-0.003440;-0.004154;-0.004320;-0.004363;-0.004376; 0.117358
 0.000066; 0.001374; 0.003113; 0.005364; 0.006904; 0.007552; 0.007782; 0.007859; 0.003210
 0.000063;-0.000434;-0.003760;-0.006605;-0.007901;-0.008362;-0.008515;-0.008566;-0.113339
-0.000080;-0.000161;-0.003225;-0.006275;-0.006596;-0.006456;-0.006373;-0.006342; 0.160895
-0.000441;-0.005517;-0.008979;-0.008500;-0.007078;-0.006337;-0.006057;-0.005961; 0.306943
-0.000074;-0.000390;-0.002218;-0.004414;-0.004812;-0.004788;-0.004755;-0.004742; 0.115429
-0.000102;-0.001415;-0.000020; 0.002269; 0.003047; 0.003245; 0.003299; 0.003316; 0.050225
-0.000268;-0.004236;-0.007529;-0.007747;-0.007219;-0.006918;-0.006802;-0.006762; 0.144477
 0.000272; 0.003779; 0.008746; 0.011776; 0.012425; 0.012497; 0.012499; 0.012497;-0.161958
 0.000102; 0.000832;-0.000084;-0.000898;-0.001181;-0.001278;-0.001312;-0.001323;-0.099980
-0.000098;-0.001084;-0.002910;-0.003682;-0.003527;-0.003382;-0.003322;-0.003301; 0.088701
 0.000090; 0.000964;-0.001777;-0.005486;-0.007266;-0.007926;-0.008151;-0.008226;-0.046351
-0.000305;-0.004250;-0.008491;-0.009196;-0.008438;-0.007972;-0.007790;-0.007727; 0.220561
 0.000208; 0.002749; 0.004702; 0.007204; 0.008834; 0.009495; 0.009726; 0.009804;-0.155538
 0.000121; 0.002112; 0.002127;-0.001552;-0.004137;-0.005210;-0.005588;-0.005715;-0.064402
 0.000127; 0.001574; 0.001825; 0.001809; 0.002071; 0.002236; 0.002302; 0.002325;-0.091908
-0.000336;-0.003964;-0.005742;-0.004100;-0.002266;-0.001407;-0.001093;-0.000986; 0.260457
 0.000019;-0.000480;-0.000603; 0.000012; 0.000005;-0.000087;-0.000132;-0.000148;-0.072895
 0.000269; 0.004121; 0.008310; 0.010639; 0.011555; 0.011872; 0.011978; 0.012013;-0.151657
-0.000110;-0.001400;-0.003314;-0.004260;-0.004177;-0.004037;-0.003975;-0.003953; 0.087707
 0.000260; 0.003291; 0.006304; 0.009984; 0.012147; 0.012999; 0.013295; 0.013393;-0.178808
 0.000058; 0.000323;-0.000743;-0.001149;-0.001215;-0.001238;-0.001246;-0.001249;-0.062058
 0.000050; 0.000125;-0.001390;-0.002352;-0.002398;-0.002328;-0.002293;-0.002280;-0.046688
-0.000060;-0.000497;-0.002526;-0.005822;-0.007676;-0.008413;-0.008672;-0.008758; 0.062084
-0.000180;-0.002297;-0.004094;-0.006330;-0.007800;-0.008410;-0.008626;-0.008699; 0.136078
 0.000075; 0.000250;-0.001445;-0.003357;-0.004440;-0.004870;-0.005019;-0.005069;-0.089301
 0.000019;-0.000480;-0.000603; 0.000012; 0.000005;-0.000087;-0.000132;-0.000148;-0.072895
 0.000120; 0.002334; 0.010297; 0.018134; 0.021435; 0.022551; 0.022917; 0.023037;-0.082040
-0.000298;-0.004335;-0.009557;-0.013399;-0.015141;-0.015790;-0.016012;-0.016086; 0.215855
-0.000044; 0.000194; 0.002681; 0.005372; 0.006897; 0.007512; 0.007729; 0.007802; 0.075919
-0.000098;-0.001084;-0.002910;-0.003682;-0.003527;-0.003382;-0.003322;-0.003301; 0.088701
-0.000023; 0.000245;-0.000556;-0.000256; 0.000815; 0.001380; 0.001594; 0.001667; 0.074571
-0.000252;-0.004252;-0.006468;-0.005937;-0.005648;-0.005564;-0.005538;-0.005530; 0.093974
 0.000261; 0.003905; 0.011159; 0.017259; 0.019693; 0.020503; 0.020767; 0.020853;-0.207996
 0.000031;-0.000113; 0.000998; 0.004102; 0.005844; 0.006502; 0.006727; 0.006801;-0.052031
 0.000121; 0.002112; 0.002127;-0.001552;-0.004137;-0.005210;-0.005588;-0.005715;-0.064402
 0.000019;-0.000480;-0.000603; 0.000012; 0.000005;-0.000087;-0.000132;-0.000148;-0.072895
-0.000195;-0.002529;-0.005649;-0.008779;-0.010598;-0.011350;-0.011616;-0.011706; 0.153420
 0.000335; 0.005278; 0.009667; 0.011118; 0.011594; 0.011759; 0.011814; 0.011833;-0.184938
-0.000412;-0.006450;-0.014170;-0.019381;-0.021737;-0.022610;-0.022909;-0.023008; 0.240365
-0.000333;-0.005231;-0.005609;-0.002331;-0.000924;-0.000488;-0.000352;-0.000309; 0.146281
 0.000072; 0.002061; 0.007776; 0.014158; 0.017621; 0.018967; 0.019433; 0.019588; 0.009182
-0.000355;-0.004646;-0.006693;-0.004855;-0.003142;-0.002402;-0.002139;-0.002051; 0.254727
-0.000018;-0.000453; 0.001514; 0.005392; 0.007270; 0.007922; 0.008137; 0.008207;-0.019608
-0.000097;-0.001306;-0.003443;-0.004748;-0.005050;-0.005107;-0.005119;-0.005123; 0.084328
-0.000320;-0.003740;-0.007741;-0.011405;-0.012958;-0.013484;-0.013657;-0.013714; 0.277171
-0.000080;-0.000161;-0.003225;-0.006275;-0.006596;-0.006456;-0.006373;-0.006342; 0.160895
-0.000033;-0.000405;-0.006738;-0.014559;-0.018001;-0.019189;-0.019581;-0.019710; 0.067137
 0.000061; 0.001168; 0.005826; 0.009757; 0.010956; 0.011258; 0.011342; 0.011368;-0.059305
-0.000019;-0.000774;-0.000582; 0.000693; 0.001391; 0.001665; 0.001760; 0.001793;-0.038497
 0.000084; 0.001034;-0.000868;-0.003775;-0.004959;-0.005321;-0.005433;-0.005469;-0.038856
 0.000236; 0.003365; 0.009820; 0.015593; 0.017844; 0.018555; 0.018780; 0.018853;-0.196335
 0.000256; 0.005176; 0.009761; 0.010270; 0.010419; 0.010518; 0.010560; 0.010574;-0.059453
 0.000086; 0.000406; 0.001912; 0.003168; 0.003118; 0.002963; 0.002892; 0.002867;-0.129764
 0.000524; 0.007464; 0.011698; 0.012098; 0.012032; 0.011982; 0.011963; 0.011956;-0.300205
 0.000015; 0.000349; 0.002364; 0.003891; 0.004079; 0.004030; 0.003997; 0.003985; 0.004976
 0.000259; 0.002601; 0.004669; 0.005267; 0.004593; 0.004139; 0.003957; 0.003894;-0.241374
 0.000237; 0.004269; 0.009177; 0.011384; 0.012126; 0.012365; 0.012443; 0.012468;-0.087472
-0.000081;-0.001091;-0.003434;-0.004932;-0.005370;-0.005513;-0.005562;-0.005578; 0.076390
-0.000368;-0.004879;-0.007914;-0.008466;-0.008202;-0.008005;-0.007924;-0.007896; 0.266487
-0.000012; 0.000621; 0.006479; 0.011040; 0.012333; 0.012653; 0.012743; 0.012771; 0.001536
-0.000098;-0.001084;-0.002910;-0.003682;-0.003527;-0.003382;-0.003322;-0.003301; 0.088701
-0.000455;-0.007496;-0.012263;-0.012384;-0.012192;-0.012119;-0.012095;-0.012088; 0.216246
-0.000038;-0.000501;-0.003650;-0.006403;-0.006959;-0.006991;-0.006978;-0.006971; 0.059457
-0.000031; 0.000357;-0.000211;-0.002842;-0.004350;-0.004914;-0.005105;-0.005169; 0.051438
 0.000147; 0.001697; 0.006260; 0.011691; 0.014055; 0.014848; 0.015107; 0.015191;-0.131837
-0.000174;-0.002222;-0.005274;-0.007214;-0.007462;-0.007405;-0.007366;-0.007350; 0.118418
 0.000310; 0.003989; 0.008436; 0.010814; 0.010977; 0.010835; 0.010760; 0.010732;-0.237334
-0.000271;-0.004091;-0.008009;-0.009667;-0.010061;-0.010140;-0.010159;-0.010164; 0.160585
 0.000120; 0.001747; 0.002030; 0.001387; 0.001388; 0.001492; 0.001544; 0.001562;-0.059335
-0.000138;-0.000819;-0.001487;-0.003383;-0.004144;-0.004352;-0.004411;-0.004429; 0.177126
 0.000039; 0.000952; 0.002365; 0.001814; 0.000839; 0.000349; 0.000166; 0.000103;-0.003036
-0.000368;-0.004879;-0.007914;-0.008466;-0.008202;-0.008005;-0.007924;-0.007896; 0.266487
 0.000344; 0.005110; 0.003927;-0.002523;-0.006201;-0.007626;-0.008119;-0.008283;-0.168449
-0.000128;-0.000803;-0.001091; 0.000431; 0.002280; 0.003174; 0.003505; 0.003618; 0.169553
 0.000180; 0.001616; 0.001438; 0.001303; 0.001263; 0.001252; 0.001248; 0.001247;-0.180638
-0.000180;-0.002297;-0.004094;-0.006330;-0.007800;-0.008410;-0.008626;-0.008699; 0.136078
-0.000130;-0.000968;-0.005103;-0.011549;-0.014827;-0.016039;-0.016450;-0.016586; 0.147363
 0.000230; 0.003081; 0.003204; 0.000401;-0.001291;-0.001940;-0.002161;-0.002235;-0.152319
-0.000280;-0.004185;-0.008578;-0.008848;-0.007576;-0.006849;-0.006569;-0.006472; 0.164629
-0.000272;-0.003719;-0.010032;-0.015890;-0.018430;-0.019312;-0.019605;-0.019701; 0.198308
 0.000002;-0.000989;-0.005820;-0.011697;-0.015118;-0.016508;-0.016997;-0.017161;-0.064755
 0.000014; 0.000945;-0.001441;-0.005990;-0.007906;-0.008513;-0.008705;-0.008767; 0.085138
-0.000031; 0.000457; 0.001296; 0.002636; 0.003902; 0.004494; 0.004711; 0.004785; 0.108631
-0.000145;-0.001349; 0.000078; 0.002954; 0.004751; 0.005485; 0.005743; 0.005830; 0.125919
 0.000229; 0.003583; 0.008786; 0.011501; 0.011671; 0.011485; 0.011387; 0.011351;-0.138212
-0.000441;-0.005517;-0.008979;-0.008500;-0.007078;-0.006337;-0.006057;-0.005961; 0.306943
-0.000130;-0.000968;-0.005103;-0.011549;-0.014827;-0.016039;-0.016450;-0.016586; 0.147363
 0.000184; 0.002425; 0.003621; 0.004771; 0.005719; 0.006149; 0.006306; 0.006359;-0.125681
 0.000054; 0.001727; 0.000765;-0.001907;-0.002897;-0.003194;-0.003286;-0.003316; 0.036543
 0.000650; 0.009694; 0.018986; 0.022318; 0.022747; 0.022731; 0.022705; 0.022694;-0.415589
 0.000228; 0.003399; 0.009388; 0.014798; 0.017250; 0.018138; 0.018439; 0.018539;-0.153583
 0.000208; 0.002749; 0.004702; 0.007204; 0.008834; 0.009495; 0.009726; 0.009804;-0.155538
-0.000067;-0.000044;-0.001239;-0.003440;-0.004154;-0.004320;-0.004363;-0.004376; 0.117358
 0.000256; 0.003045; 0.009249; 0.014757; 0.016444; 0.016851; 0.016961; 0.016994;-0.214491
 0.000050; 0.000125;-0.001390;-0.002352;-0.002398;-0.002328;-0.002293;-0.002280;-0.046688
 0.000265; 0.002685; 0.000176;-0.003628;-0.005300;-0.005872;-0.006060;-0.006122;-0.189403
-0.000201;-0.003287;-0.008261;-0.010848;-0.011224;-0.011198;-0.011167;-0.011154; 0.113259
-0.000251;-0.003601;-0.009944;-0.016038;-0.018349;-0.019023;-0.019226;-0.019290; 0.182721
-0.000139;-0.002257;-0.003164;-0.001600;-0.000281; 0.000303; 0.000513; 0.000585; 0.088804
-0.000194;-0.002165;-0.002281;-0.001450;-0.000680;-0.000301;-0.000158;-0.000109; 0.144021
 0.000224; 0.003628; 0.005193; 0.004281; 0.003538; 0.003205; 0.003083; 0.003042;-0.105766
 0.000081; 0.000365; 0.000199; 0.000403; 0.000343; 0.000276; 0.000247; 0.000237;-0.097990
-0.000050;-0.000567; 0.003812; 0.010641; 0.014054; 0.015293; 0.015710; 0.015847; 0.011326
 0.000231; 0.003337; 0.008627; 0.011620; 0.011910; 0.011781; 0.011705; 0.011676;-0.188808
-0.000052;-0.000557;-0.002471;-0.004577;-0.005189;-0.005308;-0.005333;-0.005339; 0.063361
-0.000078;-0.000445;-0.003335;-0.007666;-0.009509;-0.010099;-0.010286;-0.010347; 0.100434
 0.000338; 0.005364; 0.011406; 0.014058; 0.014662; 0.014793; 0.014827; 0.014838;-0.186989
 0.000131; 0.001207; 0.001771; 0.001933; 0.001471; 0.001168; 0.001047; 0.001005;-0.110139
-0.000400;-0.005797;-0.004722; 0.002703; 0.007189; 0.008968; 0.009588; 0.009795; 0.193264
 0.000010; 0.000866; 0.001575; 0.002049; 0.002623; 0.002900; 0.003002; 0.003037; 0.046165
-0.000146;-0.002506;-0.005389;-0.005193;-0.004146;-0.003596;-0.003387;-0.003316; 0.076476
 0.000264; 0.004197; 0.012417; 0.016883; 0.017495; 0.017452; 0.017404; 0.017384;-0.193159
 0.000086; 0.000406; 0.001912; 0.003168; 0.003118; 0.002963; 0.002892; 0.002867;-0.129764
 0.000121; 0.002112; 0.002127;-0.001552;-0.004137;-0.005210;-0.005588;-0.005715;-0.064402
 0.000034;-0.001116;-0.004667;-0.006166;-0.006671;-0.006863;-0.006931;-0.006954;-0.090762
-0.000018;-0.000446; 0.003297; 0.006610; 0.007060; 0.006989; 0.006934; 0.006912;-0.029693
-0.000289;-0.004456;-0.006481;-0.004900;-0.003700;-0.003213;-0.003043;-0.002987; 0.153869
-0.000333;-0.005231;-0.005609;-0.002331;-0.000924;-0.000488;-0.000352;-0.000309; 0.146281
 0.000236; 0.003365; 0.009820; 0.015593; 0.017844; 0.018555; 0.018780; 0.018853;-0.196335
-0.000298;-0.004335;-0.009557;-0.013399;-0.015141;-0.015790;-0.016012;-0.016086; 0.215855
-0.000084;-0.000550; 0.000227; 0.001141; 0.001896; 0.002263; 0.002401; 0.002449; 0.097368
 0.000258; 0.003606; 0.008871; 0.012141; 0.012794; 0.012854; 0.012851; 0.012847;-0.174712
-0.000320;-0.003740;-0.007741;-0.011405;-0.012958;-0.013484;-0.013657;-0.013714; 0.277171
 0.000106; 0.001405; 0.004432; 0.006127; 0.006287; 0.006238; 0.006208; 0.006197;-0.117897
-0.000106;-0.000608;-0.003130;-0.007408;-0.009469;-0.010200;-0.010443;-0.010523; 0.150398
 0.000058; 0.000323;-0.000743;-0.001149;-0.001215;-0.001238;-0.001246;-0.001249;-0.062058
-0.000100;-0.001531;-0.004055;-0.006948;-0.008458;-0.009027;-0.009222;-0.009287; 0.062567
-0.000410;-0.006869;-0.014022;-0.015622;-0.015400;-0.015188;-0.015101;-0.015070; 0.214019
-0.000100;-0.001531;-0.004055;-0.006948;-0.008458;-0.009027;-0.009222;-0.009287; 0.062567
 0.000163; 0.002206; 0.006846; 0.009799; 0.010114; 0.010001; 0.009933; 0.009906;-0.136103
 0.000239; 0.003468; 0.010336; 0.014961; 0.015841; 0.015888; 0.015867; 0.015856;-0.194063
-0.000173;-0.001642;-0.003979;-0.005621;-0.005799;-0.005742;-0.005706;-0.005693; 0.169981
-0.000333;-0.005231;-0.005609;-0.002331;-0.000924;-0.000488;-0.000352;-0.000309; 0.146281
-0.000368;-0.004879;-0.007914;-0.008466;-0.008202;-0.008005;-0.007924;-0.007896; 0.266487
-0.000064;-0.001114;-0.003416;-0.005364;-0.006103;-0.006332;-0.006404;-0.006427; 0.036653
-0.000031;-0.000626;-0.004308;-0.010383;-0.014141;-0.015686;-0.016232;-0.016415; 0.032113
-0.000150;-0.001536;-0.002310;-0.002416;-0.002080;-0.001879;-0.001801;-0.001774; 0.146257
 0.000109; 0.002245; 0.006742; 0.009167; 0.009721; 0.009834; 0.009861; 0.009869;-0.060578
 0.000084; 0.001034;-0.000868;-0.003775;-0.004959;-0.005321;-0.005433;-0.005469;-0.038856
 0.000303; 0.004451; 0.005384; 0.001219;-0.001889;-0.003211;-0.003682;-0.003840;-0.183634
-0.000002; 0.000511; 0.000931;-0.000020;-0.000615;-0.000830;-0.000901;-0.000924; 0.055681
-0.000130;-0.000968;-0.005103;-0.011549;-0.014827;-0.016039;-0.016450;-0.016586; 0.147363
-0.000205;-0.003879;-0.012223;-0.018601;-0.021030;-0.021819;-0.022073;-0.022156; 0.118212
 0.000071; 0.001132;-0.000267;-0.002475;-0.003270;-0.003507;-0.003581;-0.003605;-0.019524
 0.000117; 0.001430; 0.005690; 0.008864; 0.009478; 0.009527; 0.009521; 0.009517;-0.135557
 0.000045;-0.000005; 0.000317; 0.001865; 0.002921; 0.003375; 0.003539; 0.003594;-0.088554
-0.000105;-0.001124;-0.003094;-0.004029;-0.003705;-0.003432;-0.003319;-0.003280; 0.138600
-0.000274;-0.004953;-0.006836;-0.004461;-0.003406;-0.003115;-0.003032;-0.003006; 0.082724
 0.000284; 0.004454; 0.007685; 0.008482; 0.008567; 0.008537; 0.008518; 0.008511;-0.153119
 0.000122; 0.000808; 0.000814; 0.000812; 0.000659; 0.000579; 0.000550; 0.000540;-0.159473
 0.000244; 0.002926; 0.005498; 0.007549; 0.008331; 0.008565; 0.008637; 0.008660;-0.184252
 0.000027;-0.000053; 0.001013; 0.002564; 0.003026; 0.003121; 0.003143; 0.003149;-0.053815
 0.000272; 0.003779; 0.008746; 0.011776; 0.012425; 0.012497; 0.012499; 0.012497;-0.161958
 0.000524; 0.007464; 0.011698; 0.012098; 0.012032; 0.011982; 0.011963; 0.011956;-0.300205
-0.000128;-0.000803;-0.001091; 0.000431; 0.002280; 0.003174; 0.003505; 0.003618; 0.169553
 0.000236; 0.003365; 0.009820; 0.015593; 0.017844; 0.018555; 0.018780; 0.018853;-0.196335
 0.000121; 0.002112; 0.002127;-0.001552;-0.004137;-0.005210;-0.005588;-0.005715;-0.064402
 0.000125; 0.001655; 0.001974; 0.000318;-0.000714;-0.001087;-0.001210;-0.001250;-0.078342
-0.000072;-0.002402;-0.003358;-0.001223;-0.000329;-0.000094;-0.000030;-0.000010;-0.059694
-0.000098;-0.001084;-0.002910;-0.003682;-0.003527;-0.003382;-0.003322;-0.003301; 0.088701
-0.000052;-0.000231; 0.002209; 0.004741; 0.006071; 0.006615; 0.006809; 0.006875; 0.033354
 0.000010; 0.000866; 0.001575; 0.002049; 0.002623; 0.002900; 0.003002; 0.003037; 0.046165
-0.000100;-0.000920;-0.003872;-0.007433;-0.008764;-0.009145;-0.009259;-0.009295; 0.135301
-0.000156;-0.001952;-0.003360;-0.004607;-0.005334;-0.005636;-0.005743;-0.005780; 0.109172
-0.000025;-0.000797; 0.001006; 0.004760; 0.006597; 0.007255; 0.007475; 0.007547;-0.021926
 0.000101; 0.002237; 0.005401; 0.005663; 0.004984; 0.004596; 0.004446; 0.004395;-0.027461
 0.000272; 0.003779; 0.008746; 0.011776; 0.012425; 0.012497; 0.012499; 0.012497;-0.161958
 0.000021; 0.001164; 0.000914; 0.000089; 0.000297; 0.000518; 0.000613; 0.000647; 0.065699
 0.000373; 0.005286; 0.008554; 0.008824; 0.008758; 0.008743; 0.008741; 0.008741;-0.230455
-0.000149;-0.002263;-0.003232;-0.003539;-0.003811;-0.003928;-0.003970;-0.003984; 0.075700
 0.000247; 0.003757; 0.010200; 0.014844; 0.016191; 0.016504; 0.016585; 0.016609;-0.150410
 0.000027; 0.000049; 0.000904; 0.001977; 0.002197; 0.002205; 0.002197; 0.002193;-0.058355
 0.000259; 0.002601; 0.004669; 0.005267; 0.004593; 0.004139; 0.003957; 0.003894;-0.241374
 0.000354; 0.004986; 0.009201; 0.011211; 0.012045; 0.012365; 0.012478; 0.012515;-0.233012
-0.000105;-0.001124;-0.003094;-0.004029;-0.003705;-0.003432;-0.003319;-0.003280; 0.138600
 0.000335; 0.005278; 0.009667; 0.011118; 0.011594; 0.011759; 0.011814; 0.011833;-0.184938
 0.000210; 0.003244; 0.003593; 0.000732;-0.001117;-0.001866;-0.002128;-0.002216;-0.118118
-0.000110;-0.000569;-0.003700;-0.008197;-0.010040;-0.010633;-0.010822;-0.010884; 0.160530
 0.000338; 0.005164; 0.009536; 0.010119; 0.009827; 0.009655; 0.009590; 0.009568;-0.208929
-0.000203;-0.002064;-0.002210; 0.000246; 0.002438; 0.003426; 0.003784; 0.003905; 0.194559
 0.000124; 0.001416; 0.007017; 0.013173; 0.015473; 0.016161; 0.016373; 0.016440;-0.149127
-0.000356;-0.005639;-0.011146;-0.012517;-0.012557;-0.012508;-0.012486;-0.012478; 0.198394
 0.000066; 0.001374; 0.003113; 0.005364; 0.006904; 0.007552; 0.007782; 0.007859; 0.003210
-0.000012; 0.000621; 0.006479; 0.011040; 0.012333; 0.012653; 0.012743; 0.012771; 0.001536
-0.000173;-0.001642;-0.003979;-0.005621;-0.005799;-0.005742;-0.005706;-0.005693; 0.169981
 0.000277; 0.003439; 0.004958; 0.005153; 0.005165; 0.005167; 0.005168; 0.005168;-0.211003
-0.000221;-0.002425;-0.005457;-0.009058;-0.010882;-0.011565;-0.011799;-0.011876; 0.210309
 0.000003; 0.000082; 0.000682; 0.002410; 0.003741; 0.004329; 0.004542; 0.004614;-0.002548
 0.000024;-0.000100;-0.002627;-0.004081;-0.004152;-0.004060;-0.004013;-0.003995;-0.013897
-0.000272;-0.003719;-0.010032;-0.015890;-0.018430;-0.019312;-0.019605;-0.019701; 0.198308
-0.000219;-0.002845;-0.003490;-0.002478;-0.001691;-0.001340;-0.001213;-0.001170; 0.130835
 0.000041; 0.000023; 0.002014; 0.005563; 0.007266; 0.007865; 0.008064; 0.008129;-0.096776
-0.000378;-0.004718;-0.007729;-0.007532;-0.006362;-0.005717;-0.005470;-0.005384; 0.280447
-0.000142;-0.002075;-0.003054;-0.001740;-0.000431; 0.000171; 0.000392; 0.000466; 0.076435
-0.000371;-0.005642;-0.010479;-0.011296;-0.010787;-0.010448;-0.010313;-0.010267; 0.189343
-0.000028;-0.000328;-0.001603;-0.003434;-0.004384;-0.004741;-0.004863;-0.004903; 0.030482
 0.000208; 0.002749; 0.004702; 0.007204; 0.008834; 0.009495; 0.009726; 0.009804;-0.155538
-0.000309;-0.005057;-0.006650;-0.004764;-0.003848;-0.003548;-0.003452;-0.003420; 0.112991
-0.000336;-0.003964;-0.005742;-0.004100;-0.002266;-0.001407;-0.001093;-0.000986; 0.260457
 0.000309; 0.003935; 0.004337; 0.001126;-0.001057;-0.001938;-0.002244;-0.002347;-0.231066
-0.000253;-0.002392;-0.001649; 0.000782; 0.002689; 0.003549; 0.003862; 0.003969; 0.233672
 0.000034; 0.000913; 0.000520;-0.000998;-0.001555;-0.001690;-0.001725;-0.001735;-0.000331
-0.000370;-0.005170;-0.012677;-0.018535;-0.020710;-0.021383;-0.021595;-0.021664; 0.266154
-0.000256;-0.003060;-0.003546;-0.001668;-0.000227; 0.000382; 0.000597; 0.000670; 0.209519
-0.000023; 0.000245;-0.000556;-0.000256; 0.000815; 0.001380; 0.001594; 0.001667; 0.074571
-0.000084;-0.000550; 0.000227; 0.001141; 0.001896; 0.002263; 0.002401; 0.002449; 0.097368
 0.000247; 0.003676; 0.001049;-0.005399;-0.008338;-0.009325;-0.009646;-0.009750;-0.099757
-0.000371;-0.005642;-0.010479;-0.011296;-0.010787;-0.010448;-0.010313;-0.010267; 0.189343
-0.000105;-0.001124;-0.003094;-0.004029;-0.003705;-0.003432;-0.003319;-0.003280; 0.138600
-0.000097;-0.001306;-0.003443;-0.004748;-0.005050;-0.005107;-0.005119;-0.005123; 0.084328
 0.000045; 0.000683; 0.001359; 0.002244; 0.002831; 0.003075; 0.003162; 0.003191;-0.023473
-0.000031; 0.000457; 0.001296; 0.002636; 0.003902; 0.004494; 0.004711; 0.004785; 0.108631
 0.000128; 0.002214; 0.002798; 0.002877; 0.003565; 0.003968; 0.004126; 0.004181;-0.029110
-0.000205;-0.003661;-0.010135;-0.015270;-0.017590;-0.018437;-0.018724;-0.018819; 0.107652
-0.000351;-0.005149;-0.007613;-0.005406;-0.003258;-0.002282;-0.001927;-0.001807; 0.209286
 0.000101; 0.002237; 0.005401; 0.005663; 0.004984; 0.004596; 0.004446; 0.004395;-0.027461
 0.000158; 0.001502; 0.000964;-0.000860;-0.002159;-0.002718;-0.002919;-0.002986;-0.137055
 0.000548; 0.007786; 0.014455; 0.016225; 0.016029; 0.015793; 0.015693; 0.015658;-0.358911
-0.000262;-0.003622;-0.010583;-0.016667;-0.019043;-0.019807;-0.020053;-0.020132; 0.218211
 0.000248; 0.003351; 0.008381; 0.013002; 0.014756; 0.015276; 0.015434; 0.015485;-0.175111
-0.000186;-0.003369;-0.008106;-0.009775;-0.009907;-0.009871;-0.009849;-0.009841; 0.112216
-0.000000;-0.001112; 0.000550; 0.003227; 0.003707; 0.003696; 0.003667; 0.003654;-0.112479
-0.000002; 0.000511; 0.000931;-0.000020;-0.000615;-0.000830;-0.000901;-0.000924; 0.055681
 0.000373; 0.005286; 0.008554; 0.008824; 0.008758; 0.008743; 0.008741; 0.008741;-0.230455
-0.000195;-0.002529;-0.005649;-0.008779;-0.010598;-0.011350;-0.011616;-0.011706; 0.153420
-0.000197;-0.001567; 0.001518; 0.006071; 0.008442; 0.009324; 0.009623; 0.009722; 0.177554
-0.000272;-0.003719;-0.010032;-0.015890;-0.018430;-0.019312;-0.019605;-0.019701; 0.198308
-0.000244;-0.003234;-0.002753; 0.000074; 0.001660; 0.002273; 0.002485; 0.002555; 0.144574
-0.000031;-0.000626;-0.004308;-0.010383;-0.014141;-0.015686;-0.016232;-0.016415; 0.032113
 0.000323; 0.003980; 0.005437; 0.004257; 0.003082; 0.002551; 0.002358; 0.002293;-0.258364
-0.000018;-0.000453; 0.001514; 0.005392; 0.007270; 0.007922; 0.008137; 0.008207;-0.019608
-0.000233;-0.002980;-0.005731;-0.008121;-0.009400;-0.009904;-0.010080;-0.010139; 0.170807
-0.000440;-0.006188;-0.011505;-0.014234;-0.015370;-0.015792;-0.015937;-0.015986; 0.275927
-0.000016;-0.001406;-0.006142;-0.008995;-0.009847;-0.010084;-0.010155;-0.010177;-0.033709
 0.000247; 0.003757; 0.010200; 0.014844; 0.016191; 0.016504; 0.016585; 0.016609;-0.150410
-0.000412;-0.006450;-0.014170;-0.019381;-0.021737;-0.022610;-0.022909;-0.023008; 0.240365
 0.000322; 0.004911; 0.011895; 0.016441; 0.017939; 0.018372; 0.018504; 0.018546;-0.199177
-0.000204;-0.002389;-0.001413; 0.001793; 0.003817; 0.004642; 0.004932; 0.005029; 0.134701
-0.000069;-0.000277; 0.005685; 0.013370; 0.017159; 0.018560; 0.019036; 0.019194; 0.015981
 0.000026; 0.000757; 0.000512; 0.000384; 0.001026; 0.001422; 0.001579; 0.001633; 0.035624
 0.000171; 0.002562; 0.003944; 0.003876; 0.003763; 0.003713; 0.003696; 0.003690;-0.067958
-0.000059;-0.000630;-0.002156;-0.003952;-0.004695;-0.004938;-0.005017;-0.005043; 0.091316
 0.000236; 0.003222; 0.007695; 0.009984; 0.010208; 0.010129; 0.010082; 0.010064;-0.181068
 0.000185; 0.002299; 0.002312;-0.000183;-0.002358;-0.003365;-0.003735;-0.003861;-0.098939
 0.000120; 0.002334; 0.010297; 0.018134; 0.021435; 0.022551; 0.022917; 0.023037;-0.082040
 0.000256; 0.003045; 0.009249; 0.014757; 0.016444; 0.016851; 0.016961; 0.016994;-0.214491
 0.000105; 0.000798; 0.001749; 0.001946; 0.001438; 0.001138; 0.001021; 0.000981;-0.123518
 0.000176; 0.002104; 0.004381; 0.004218; 0.002867; 0.002107; 0.001814; 0.001713;-0.155033
-0.000146;-0.002506;-0.005389;-0.005193;-0.004146;-0.003596;-0.003387;-0.003316; 0.076476
 0.000043; 0.000335;-0.000009; 0.000698; 0.001314; 0.001565; 0.001653; 0.001682;-0.035148
 0.000009;-0.000830;-0.004433;-0.007107;-0.008286;-0.008722;-0.008871;-0.008920;-0.024581
 0.000084; 0.001034;-0.000868;-0.003775;-0.004959;-0.005321;-0.005433;-0.005469;-0.038856
-0.000291;-0.004214;-0.010105;-0.012115;-0.011664;-0.011251;-0.011080;-0.011019; 0.224385
 0.000002;-0.000989;-0.005820;-0.011697;-0.015118;-0.016508;-0.016997;-0.017161;-0.064755
-0.000416;-0.005557;-0.013436;-0.018991;-0.020581;-0.020945;-0.021039;-0.021067; 0.329380
-0.000055;-0.001407;-0.005411;-0.007503;-0.007632;-0.007516;-0.007456;-0.007433; 0.036444
 0.000075; 0.000250;-0.001445;-0.003357;-0.004440;-0.004870;-0.005019;-0.005069;-0.089301
 0.000184; 0.002425; 0.003621; 0.004771; 0.005719; 0.006149; 0.006306; 0.006359;-0.125681
 0.000080; 0.001183; 0.001125;-0.000314;-0.001159;-0.001473;-0.001579;-0.001614;-0.025117
-0.000043;-0.001459;-0.002501;-0.002116;-0.001933;-0.001888;-0.001877;-0.001874; 0.000888
 0.000014; 0.000945;-0.001441;-0.005990;-0.007906;-0.008513;-0.008705;-0.008767; 0.085138
-0.000204;-0.002389;-0.001413; 0.001793; 0.003817; 0.004642; 0.004932; 0.005029; 0.134701
-0.000149;-0.001180;-0.004167;-0.007797;-0.008933;-0.009186;-0.009248;-0.009266; 0.199525
 0.000004; 0.000607; 0.000990; 0.001669; 0.002340; 0.002636; 0.002741; 0.002777; 0.061912
-0.000378;-0.004718;-0.007729;-0.007532;-0.006362;-0.005717;-0.005470;-0.005384; 0.280447
 0.000106; 0.001405; 0.004432; 0.006127; 0.006287; 0.006238; 0.006208; 0.006197;-0.117897
 0.000321; 0.004768; 0.011553; 0.014604; 0.014748; 0.014570; 0.014480; 0.014447;-0.205781
 0.000064; 0.000433; 0.000944; 0.000855; 0.000481; 0.000291; 0.000219; 0.000195;-0.082872
 0.000131; 0.001207; 0.001771; 0.001933; 0.001471; 0.001168; 0.001047; 0.001005;-0.110139
-0.000106;-0.000608;-0.003130;-0.007408;-0.009469;-0.010200;-0.010443;-0.010523; 0.150398
 0.000230; 0.003081; 0.003204; 0.000401;-0.001291;-0.001940;-0.002161;-0.002235;-0.152319
-0.000030; 0.000087;-0.001529;-0.004900;-0.006745;-0.007453;-0.007697;-0.007779; 0.073796
-0.000067;-0.000044;-0.001239;-0.003440;-0.004154;-0.004320;-0.004363;-0.004376; 0.117358
 0.000237; 0.004269; 0.009177; 0.011384; 0.012126; 0.012365; 0.012443; 0.012468;-0.087472
 0.000131; 0.001207; 0.001771; 0.001933; 0.001471; 0.001168; 0.001047; 0.001005;-0.110139
 0.000031;-0.000113; 0.000998; 0.004102; 0.005844; 0.006502; 0.006727; 0.006801;-0.052031
 0.000191; 0.001517; 0.002634; 0.004349; 0.004852; 0.004937; 0.004952; 0.004955;-0.206868
-0.000052;-0.000231; 0.002209; 0.004741; 0.006071; 0.006615; 0.006809; 0.006875; 0.033354
-0.000425;-0.006262;-0.013115;-0.015840;-0.016004;-0.015861;-0.015787;-0.015759; 0.273225
 0.000117; 0.001430; 0.005690; 0.008864; 0.009478; 0.009527; 0.009521; 0.009517;-0.135557
-0.000143;-0.001795;-0.002479;-0.003112;-0.003510;-0.003662;-0.003713;-0.003730; 0.102608
 0.000041; 0.000023; 0.002014; 0.005563; 0.007266; 0.007865; 0.008064; 0.008129;-0.096776
-0.000530;-0.007793;-0.015195;-0.018319;-0.019112;-0.019311;-0.019369;-0.019387; 0.322018
 0.000344; 0.005110; 0.003927;-0.002523;-0.006201;-0.007626;-0.008119;-0.008283;-0.168449
 0.000247; 0.003757; 0.010200; 0.014844; 0.016191; 0.016504; 0.016585; 0.016609;-0.150410
 0.000284; 0.004454; 0.007685; 0.008482; 0.008567; 0.008537; 0.008518; 0.008511;-0.153119
-0.000174;-0.001602;-0.001906;-0.002146;-0.002174;-0.002159;-0.002150;-0.002147; 0.156427
 0.000168; 0.002982; 0.002631;-0.001523;-0.003635;-0.004357;-0.004592;-0.004668;-0.042643
-0.000024;-0.000146;-0.002766;-0.006152;-0.007663;-0.008190;-0.008364;-0.008421; 0.047166
-0.000378;-0.004971;-0.009250;-0.010927;-0.010949;-0.010800;-0.010728;-0.010702; 0.261349
 0.000169; 0.001747; 0.003291; 0.003468; 0.002927; 0.002616; 0.002496; 0.002455;-0.163703
 0.000090; 0.000964;-0.001777;-0.005486;-0.007266;-0.007926;-0.008151;-0.008226;-0.046351
-0.000107;-0.002621;-0.012376;-0.021881;-0.026116;-0.027619;-0.028122;-0.028288; 0.068651
-0.000365;-0.005458;-0.011381;-0.013567;-0.013421;-0.013137;-0.013009;-0.012964; 0.217774
-0.000038;-0.000501;-0.003650;-0.006403;-0.006959;-0.006991;-0.006978;-0.006971; 0.059457
-0.000197;-0.001567; 0.001518; 0.006071; 0.008442; 0.009324; 0.009623; 0.009722; 0.177554
 0.000303; 0.004451; 0.005384; 0.001219;-0.001889;-0.003211;-0.003682;-0.003840;-0.183634
 0.000131; 0.001207; 0.001771; 0.001933; 0.001471; 0.001168; 0.001047; 0.001005;-0.110139
 0.000081; 0.000365; 0.000199; 0.000403; 0.000343; 0.000276; 0.000247; 0.000237;-0.097990
 0.000098; 0.000618; 0.004407; 0.008956; 0.010475; 0.010872; 0.010984; 0.011019;-0.160984
-0.000221;-0.002673;-0.007086;-0.010975;-0.012549;-0.013085;-0.013263;-0.013322; 0.201939
 0.000228; 0.003399; 0.009388; 0.014798; 0.017250; 0.018138; 0.018439; 0.018539;-0.153583
 0.000003;-0.000227;-0.002799;-0.005496;-0.006651;-0.007063;-0.007202;-0.007249; 0.010784
 0.000075; 0.000250;-0.001445;-0.003357;-0.004440;-0.004870;-0.005019;-0.005069;-0.089301
-0.000180;-0.002297;-0.004094;-0.006330;-0.007800;-0.008410;-0.008626;-0.008699; 0.136078
 0.000228; 0.003230; 0.006564; 0.008004; 0.008094; 0.008013; 0.007972; 0.007956;-0.148807
 0.000124; 0.001127; 0.002718; 0.004650; 0.005518; 0.005824; 0.005926; 0.005960;-0.113716
 0.000031;-0.000113; 0.000998; 0.004102; 0.005844; 0.006502; 0.006727; 0.006801;-0.052031
 0.000322; 0.004911; 0.011895; 0.016441; 0.017939; 0.018372; 0.018504; 0.018546;-0.199177
 0.000139; 0.001435; 0.003220; 0.004333; 0.004223; 0.004044; 0.003964; 0.003936;-0.134251
 0.000171; 0.002954; 0.004583; 0.005231; 0.006015; 0.006423; 0.006579; 0.006632;-0.075476
 0.000147; 0.001697; 0.006260; 0.011691; 0.014055; 0.014848; 0.015107; 0.015191;-0.131837
-0.000143;-0.001795;-0.002479;-0.003112;-0.003510;-0.003662;-0.003713;-0.003730; 0.102608
-0.000145;-0.001349; 0.000078; 0.002954; 0.004751; 0.005485; 0.005743; 0.005830; 0.125919
-0.000400;-0.005797;-0.004722; 0.002703; 0.007189; 0.008968; 0.009588; 0.009795; 0.193264
 0.000034;-0.001116;-0.004667;-0.006166;-0.006671;-0.006863;-0.006931;-0.006954;-0.090762
-0.000274;-0.004953;-0.006836;-0.004461;-0.003406;-0.003115;-0.003032;-0.003006; 0.082724
-0.000214;-0.002605;-0.005186;-0.006037;-0.005634;-0.005323;-0.005197;-0.005152; 0.181223
 0.000117; 0.001430; 0.005690; 0.008864; 0.009478; 0.009527; 0.009521; 0.009517;-0.135557
-0.000070;-0.001469;-0.002614;-0.003178;-0.003475;-0.003581;-0.003616;-0.003628; 0.014376
-0.000455;-0.007496;-0.012263;-0.012384;-0.012192;-0.012119;-0.012095;-0.012088; 0.216246
-0.000041;-0.000010; 0.001909; 0.005063; 0.007044; 0.007853; 0.008137; 0.008233; 0.072812
 0.000077; 0.000494; 0.001091; 0.000093;-0.001565;-0.002414;-0.002735;-0.002844;-0.101647
-0.000270;-0.003397;-0.001649; 0.002304; 0.004003; 0.004554; 0.004730; 0.004786; 0.160726
 0.000098; 0.000618; 0.004407; 0.008956; 0.010475; 0.010872; 0.010984; 0.011019;-0.160984
 0.000198; 0.002321;-0.001178;-0.007091;-0.009994;-0.011055;-0.011414;-0.011533;-0.118571
-0.000243;-0.003959;-0.011104;-0.016918;-0.019368;-0.020223;-0.020509;-0.020602; 0.153966
 0.000120; 0.001747; 0.002030; 0.001387; 0.001388; 0.001492; 0.001544; 0.001562;-0.059335
-0.000086;-0.001043;-0.002482;-0.001247; 0.000483; 0.001315; 0.001621; 0.001725; 0.086923
-0.000029;-0.001712;-0.006450;-0.012163;-0.015589;-0.016972;-0.017456;-0.017618;-0.041404
-0.000138;-0.000819;-0.001487;-0.003383;-0.004144;-0.004352;-0.004411;-0.004429; 0.177126
 0.000391; 0.005238; 0.010266; 0.013992; 0.015648; 0.016237; 0.016435; 0.016501;-0.286866
-0.000149;-0.001180;-0.004167;-0.007797;-0.008933;-0.009186;-0.009248;-0.009266; 0.199525
 0.000092; 0.001711; 0.005533; 0.007926; 0.008460; 0.008538; 0.008549; 0.008551;-0.050404
-0.000002; 0.000511; 0.000931;-0.000020;-0.000615;-0.000830;-0.000901;-0.000924; 0.055681
 0.000034; 0.000913; 0.000520;-0.000998;-0.001555;-0.001690;-0.001725;-0.001735;-0.000331
-0.000086;-0.001043;-0.002482;-0.001247; 0.000483; 0.001315; 0.001621; 0.001725; 0.086923
 0.000013; 0.000038; 0.000075; 0.000417; 0.000521; 0.000531; 0.000530; 0.000529;-0.025895
-0.000173;-0.001642;-0.003979;-0.005621;-0.005799;-0.005742;-0.005706;-0.005693; 0.169981
-0.000195;-0.002529;-0.005649;-0.008779;-0.010598;-0.011350;-0.011616;-0.011706; 0.153420
-0.000080;-0.000161;-0.003225;-0.006275;-0.006596;-0.006456;-0.006373;-0.006342; 0.160895
 0.000191; 0.001517; 0.002634; 0.004349; 0.004852; 0.004937; 0.004952; 0.004955;-0.206868
-0.000244;-0.003234;-0.002753; 0.000074; 0.001660; 0.002273; 0.002485; 0.002555; 0.144574
 0.000035; 0.000671; 0.000630;-0.000368;-0.001024;-0.001292;-0.001386;-0.001418;-0.021101
 0.000004; 0.000607; 0.000990; 0.001669; 0.002340; 0.002636; 0.002741; 0.002777; 0.061912
-0.000043;-0.001459;-0.002501;-0.002116;-0.001933;-0.001888;-0.001877;-0.001874; 0.000888
 0.000143; 0.001836; 0.001955; 0.000071;-0.001335;-0.001929;-0.002139;-0.002210;-0.103972
 0.000184; 0.002425; 0.003621; 0.004771; 0.005719; 0.006149; 0.006306; 0.006359;-0.125681
-0.000072;-0.002402;-0.003358;-0.001223;-0.000329;-0.000094;-0.000030;-0.000010;-0.059694
 0.000185; 0.002299; 0.002312;-0.000183;-0.002358;-0.003365;-0.003735;-0.003861;-0.098939
 0.000335; 0.005278; 0.009667; 0.011118; 0.011594; 0.011759; 0.011814; 0.011833;-0.184938
 0.000050; 0.000125;-0.001390;-0.002352;-0.002398;-0.002328;-0.002293;-0.002280;-0.046688
 0.000169; 0.001747; 0.003291; 0.003468; 0.002927; 0.002616; 0.002496; 0.002455;-0.163703
 0.000256; 0.003045; 0.009249; 0.014757; 0.016444; 0.016851; 0.016961; 0.016994;-0.214491
 0.000021; 0.001164; 0.000914; 0.000089; 0.000297; 0.000518; 0.000613; 0.000647; 0.065699
-0.000300;-0.004031;-0.009777;-0.014115;-0.015679;-0.016163;-0.016316;-0.016365; 0.245146
 0.000169; 0.001747; 0.003291; 0.003468; 0.002927; 0.002616; 0.002496; 0.002455;-0.163703
-0.000250;-0.002239;-0.000598; 0.002755; 0.004999; 0.005955; 0.006297; 0.006412; 0.226085
-0.000214;-0.002605;-0.005186;-0.006037;-0.005634;-0.005323;-0.005197;-0.005152; 0.181223
-0.000198;-0.003057;-0.007983;-0.010762;-0.011045;-0.010925;-0.010854;-0.010827; 0.124048
-0.000121;-0.002248;-0.005663;-0.007637;-0.008193;-0.008316;-0.008347;-0.008355; 0.057822
-0.000084;-0.000550; 0.000227; 0.001141; 0.001896; 0.002263; 0.002401; 0.002449; 0.097368
 0.000169; 0.001747; 0.003291; 0.003468; 0.002927; 0.002616; 0.002496; 0.002455;-0.163703
 0.000019;-0.000480;-0.000603; 0.000012; 0.000005;-0.000087;-0.000132;-0.000148;-0.072895
-0.000205;-0.003879;-0.012223;-0.018601;-0.021030;-0.021819;-0.022073;-0.022156; 0.118212
 0.000142; 0.000683;-0.002246;-0.006543;-0.009414;-0.010643;-0.011084;-0.011232;-0.162014
-0.000410;-0.005866;-0.008746;-0.007028;-0.005411;-0.004707;-0.004456;-0.004372; 0.232480
-0.000067;-0.001063;-0.001045;-0.000703;-0.000854;-0.000984;-0.001039;-0.001058; 0.007128
-0.000081;-0.001080;-0.003464;-0.005781;-0.006706;-0.007003;-0.007098;-0.007129; 0.053646
-0.000195;-0.002529;-0.005649;-0.008779;-0.010598;-0.011350;-0.011616;-0.011706; 0.153420
 0.000068; 0.000003;-0.001872;-0.003114;-0.003642;-0.003834;-0.003898;-0.003920;-0.086525
-0.000142;-0.002075;-0.003054;-0.001740;-0.000431; 0.000171; 0.000392; 0.000466; 0.076435
 0.000524; 0.007464; 0.011698; 0.012098; 0.012032; 0.011982; 0.011963; 0.011956;-0.300205
 0.000092; 0.001711; 0.005533; 0.007926; 0.008460; 0.008538; 0.008549; 0.008551;-0.050404
 0.000210; 0.003204; 0.005557; 0.007223; 0.008251; 0.008673; 0.008821; 0.008871;-0.116919
 0.000208; 0.002749; 0.004702; 0.007204; 0.008834; 0.009495; 0.009726; 0.009804;-0.155538
 0.000123; 0.001267; 0.000786;-0.000623;-0.001539;-0.001915;-0.002047;-0.002091;-0.079284
 0.000031; 0.001452; 0.003325; 0.003892; 0.004343; 0.004578; 0.004668; 0.004700; 0.058775
 0.000650; 0.009694; 0.018986; 0.022318; 0.022747; 0.022731; 0.022705; 0.022694;-0.415589
 0.000172; 0.001802; 0.005924; 0.010866; 0.012946; 0.013629; 0.013849; 0.013921;-0.195382
 0.000264; 0.004197; 0.012417; 0.016883; 0.017495; 0.017452; 0.017404; 0.017384;-0.193159
-0.000116;-0.000642; 0.003232; 0.007870; 0.009791; 0.010399; 0.010591; 0.010652; 0.130875
 0.000003; 0.000027;-0.000641;-0.000288; 0.000430; 0.000796; 0.000933; 0.000980; 0.001459
 0.000169; 0.003490; 0.008582; 0.011227; 0.012145; 0.012445; 0.012542; 0.012574;-0.059074
-0.000336;-0.003964;-0.005742;-0.004100;-0.002266;-0.001407;-0.001093;-0.000986; 0.260457
-0.000214;-0.002605;-0.005186;-0.006037;-0.005634;-0.005323;-0.005197;-0.005152; 0.181223
 0.000385; 0.005283; 0.007130; 0.005330; 0.003967; 0.003400; 0.003200; 0.003133;-0.255286
 0.000216; 0.001818;-0.001384;-0.006440;-0.009220;-0.010301;-0.010674;-0.010799;-0.186770
-0.000251;-0.003601;-0.009944;-0.016038;-0.018349;-0.019023;-0.019226;-0.019290; 0.182721
 0.000284; 0.003540; 0.005614; 0.005096; 0.004193; 0.003753; 0.003591; 0.003536;-0.221569
 0.000004; 0.000607; 0.000990; 0.001669; 0.002340; 0.002636; 0.002741; 0.002777; 0.061912
-0.000365;-0.004485;-0.004728;-0.001645; 0.000203; 0.000908; 0.001149; 0.001229; 0.236308
-0.000015;-0.000175; 0.001067; 0.002457; 0.002869; 0.002953; 0.002972; 0.002977;-0.000616
 0.000102; 0.000832;-0.000084;-0.000898;-0.001181;-0.001278;-0.001312;-0.001323;-0.099980
-0.000105;-0.000875; 0.002235; 0.005797; 0.007036; 0.007376; 0.007475; 0.007506; 0.089478
 0.000207; 0.003457; 0.007598; 0.009712; 0.010287; 0.010421; 0.010456; 0.010467;-0.100371
-0.000421;-0.005083;-0.008310;-0.008824;-0.008377;-0.008092;-0.007981;-0.007942; 0.338848
-0.000195;-0.001541;-0.001317;-0.000401; 0.000604; 0.001101; 0.001287; 0.001351; 0.202205
-0.000097;-0.001306;-0.003443;-0.004748;-0.005050;-0.005107;-0.005119;-0.005123; 0.084328
 0.000178; 0.002233; 0.006094; 0.011392; 0.014117; 0.015115; 0.015452; 0.015563;-0.136652
 0.000021; 0.000168; 0.000993; 0.002213; 0.002906; 0.003178; 0.003272; 0.003304;-0.010164
 0.000081; 0.000365; 0.000199; 0.000403; 0.000343; 0.000276; 0.000247; 0.000237;-0.097990
-0.000379;-0.005696;-0.013252;-0.019359;-0.022217;-0.023277;-0.023639;-0.023759; 0.230071
 0.000027; 0.000049; 0.000904; 0.001977; 0.002197; 0.002205; 0.002197; 0.002193;-0.058355
-0.000002;-0.000245; 0.002621; 0.006491; 0.008226; 0.008839; 0.009043; 0.009111;-0.053976
-0.000028;-0.000328;-0.001603;-0.003434;-0.004384;-0.004741;-0.004863;-0.004903; 0.030482
 0.000034;-0.001116;-0.004667;-0.006166;-0.006671;-0.006863;-0.006931;-0.006954;-0.090762
-0.000367;-0.003983;-0.003472;-0.001162;-0.000006; 0.000402; 0.000537; 0.000581; 0.256447
-0.000219;-0.002845;-0.003490;-0.002478;-0.001691;-0.001340;-0.001213;-0.001170; 0.130835
 0.000122; 0.001225; 0.003132; 0.004544; 0.004692; 0.004638; 0.004606; 0.004594;-0.098029
 0.000142; 0.000683;-0.002246;-0.006543;-0.009414;-0.010643;-0.011084;-0.011232;-0.162014
 0.000035; 0.001462; 0.000615;-0.003747;-0.006364;-0.007396;-0.007755;-0.007875; 0.063684
 0.000044; 0.000300; 0.001116; 0.001271; 0.000649; 0.000263; 0.000110; 0.000057;-0.067676
-0.000025;-0.000085; 0.002539; 0.003836; 0.003534; 0.003241; 0.003118; 0.003074;-0.001054
 0.000216; 0.001818;-0.001384;-0.006440;-0.009220;-0.010301;-0.010674;-0.010799;-0.186770
-0.000195;-0.001541;-0.001317;-0.000401; 0.000604; 0.001101; 0.001287; 0.001351; 0.202205
 0.000006; 0.000013;-0.003809;-0.007444;-0.008709;-0.009103;-0.009229;-0.009270; 0.046121
-0.000279;-0.004307;-0.011660;-0.016509;-0.017662;-0.017845;-0.017875;-0.017881; 0.186914
 0.000237; 0.004269; 0.009177; 0.011384; 0.012126; 0.012365; 0.012443; 0.012468;-0.087472
 0.000045; 0.000683; 0.001359; 0.002244; 0.002831; 0.003075; 0.003162; 0.003191;-0.023473
-0.000156;-0.001952;-0.003360;-0.004607;-0.005334;-0.005636;-0.005743;-0.005780; 0.109172
 0.000046; 0.000981; 0.000329;-0.002662;-0.004419;-0.005094;-0.005325;-0.005402; 0.007080
-0.000070;-0.001469;-0.002614;-0.003178;-0.003475;-0.003581;-0.003616;-0.003628; 0.014376
-0.000174;-0.001602;-0.001906;-0.002146;-0.002174;-0.002159;-0.002150;-0.002147; 0.156427
 0.000258; 0.003606; 0.008871; 0.012141; 0.012794; 0.012854; 0.012851; 0.012847;-0.174712
-0.000270;-0.003397;-0.001649; 0.002304; 0.004003; 0.004554; 0.004730; 0.004786; 0.160726
 0.000311; 0.004458; 0.007348; 0.006359; 0.005016; 0.004381; 0.004147; 0.004068;-0.174435
 0.000180; 0.001616; 0.001438; 0.001303; 0.001263; 0.001252; 0.001248; 0.001247;-0.180638
 0.000225; 0.002030; 0.001907; 0.001498; 0.001192; 0.001054; 0.001004; 0.000987;-0.216536
 0.000035; 0.000671; 0.000630;-0.000368;-0.001024;-0.001292;-0.001386;-0.001418;-0.021101
 0.000227; 0.003129; 0.002729;-0.000217;-0.001776;-0.002354;-0.002550;-0.002614;-0.144347
-0.000356;-0.005639;-0.011146;-0.012517;-0.012557;-0.012508;-0.012486;-0.012478; 0.198394
-0.000116;-0.002237;-0.005116;-0.008157;-0.010002;-0.010745;-0.011004;-0.011091; 0.033396
 0.000058; 0.000323;-0.000743;-0.001149;-0.001215;-0.001238;-0.001246;-0.001249;-0.062058
-0.000179;-0.002070;-0.005365;-0.008812;-0.010069;-0.010415;-0.010516;-0.010547; 0.161176
 0.000081; 0.000575; 0.000577; 0.000184;-0.000126;-0.000247;-0.000288;-0.000301;-0.118305
-0.000320;-0.003740;-0.007741;-0.011405;-0.012958;-0.013484;-0.013657;-0.013714; 0.277171
-0.000309;-0.005057;-0.006650;-0.004764;-0.003848;-0.003548;-0.003452;-0.003420; 0.112991
-0.000076;-0.001314; 0.001889; 0.004760; 0.004904; 0.004701; 0.004598; 0.004560;-0.014928
-0.000110;-0.001400;-0.003314;-0.004260;-0.004177;-0.004037;-0.003975;-0.003953; 0.087707
 0.000003;-0.000227;-0.002799;-0.005496;-0.006651;-0.007063;-0.007202;-0.007249; 0.010784
 0.000032; 0.001635; 0.001059;-0.002004;-0.003141;-0.003432;-0.003512;-0.003536; 0.051080
-0.000110;-0.001400;-0.003314;-0.004260;-0.004177;-0.004037;-0.003975;-0.003953; 0.087707
-0.000145;-0.001349; 0.000078; 0.002954; 0.004751; 0.005485; 0.005743; 0.005830; 0.125919
-0.000205;-0.003879;-0.012223;-0.018601;-0.021030;-0.021819;-0.022073;-0.022156; 0.118212
 0.000196; 0.001647; 0.003252; 0.002677; 0.001014; 0.000134;-0.000200;-0.000314;-0.241700
-0.000070;-0.001469;-0.002614;-0.003178;-0.003475;-0.003581;-0.003616;-0.003628; 0.014376
 0.000225; 0.002030; 0.001907; 0.001498; 0.001192; 0.001054; 0.001004; 0.000987;-0.216536
 0.000224; 0.003628; 0.005193; 0.004281; 0.003538; 0.003205; 0.003083; 0.003042;-0.105766
 0.000105; 0.001480; 0.006596; 0.012104; 0.014328; 0.015038; 0.015263; 0.015336;-0.119984
 0.000043; 0.000335;-0.000009; 0.000698; 0.001314; 0.001565; 0.001653; 0.001682;-0.035148
-0.000356;-0.005639;-0.011146;-0.012517;-0.012557;-0.012508;-0.012486;-0.012478; 0.198394
 0.000065; 0.001087; 0.001023; 0.001063; 0.001602; 0.001913; 0.002034; 0.002076;-0.029651
 0.000092; 0.000403;-0.003858;-0.008349;-0.010467;-0.011263;-0.011537;-0.011628;-0.071930
-0.000400;-0.005797;-0.004722; 0.002703; 0.007189; 0.008968; 0.009588; 0.009795; 0.193264
 0.000311; 0.004458; 0.007348; 0.006359; 0.005016; 0.004381; 0.004147; 0.004068;-0.174435
-0.000329;-0.005460;-0.011523;-0.014063;-0.014592;-0.014676;-0.014691;-0.014695; 0.171287
-0.000243;-0.003959;-0.011104;-0.016918;-0.019368;-0.020223;-0.020509;-0.020602; 0.153966
-0.000076;-0.001314; 0.001889; 0.004760; 0.004904; 0.004701; 0.004598; 0.004560;-0.014928
-0.000012; 0.000621; 0.006479; 0.011040; 0.012333; 0.012653; 0.012743; 0.012771; 0.001536
 0.000014; 0.000945;-0.001441;-0.005990;-0.007906;-0.008513;-0.008705;-0.008767; 0.085138
-0.000005;-0.001469;-0.003335;-0.002065;-0.001010;-0.000585;-0.000438;-0.000389;-0.082815
-0.000143;-0.001795;-0.002479;-0.003112;-0.003510;-0.003662;-0.003713;-0.003730; 0.102608
-0.000291;-0.004214;-0.010105;-0.012115;-0.011664;-0.011251;-0.011080;-0.011019; 0.224385
-0.000410;-0.006869;-0.014022;-0.015622;-0.015400;-0.015188;-0.015101;-0.015070; 0.214019
 0.000310; 0.003989; 0.008436; 0.010814; 0.010977; 0.010835; 0.010760; 0.010732;-0.237334
-0.000313;-0.004401;-0.007822;-0.008640;-0.008260;-0.007956;-0.007831;-0.007786; 0.203729
 0.000260; 0.003291; 0.006304; 0.009984; 0.012147; 0.012999; 0.013295; 0.013393;-0.178808
-0.000032; 0.000131; 0.002008; 0.003939; 0.004787; 0.005066; 0.005156; 0.005185; 0.047294
 0.000171; 0.002562; 0.003944; 0.003876; 0.003763; 0.003713; 0.003696; 0.003690;-0.067958
 0.000041; 0.000523; 0.002604; 0.006709; 0.009319; 0.010381; 0.010753; 0.010878;-0.044748
-0.000080;-0.000161;-0.003225;-0.006275;-0.006596;-0.006456;-0.006373;-0.006342; 0.160895
 0.000031; 0.001452; 0.003325; 0.003892; 0.004343; 0.004578; 0.004668; 0.004700; 0.058775
-0.000291;-0.004214;-0.010105;-0.012115;-0.011664;-0.011251;-0.011080;-0.011019; 0.224385
 0.000308; 0.004192; 0.010613; 0.016087; 0.018363; 0.019138; 0.019393; 0.019477;-0.240735
 0.000154; 0.001655; 0.002779; 0.004468; 0.005483; 0.005878; 0.006014; 0.006059;-0.129132
 0.000650; 0.009694; 0.018986; 0.022318; 0.022747; 0.022731; 0.022705; 0.022694;-0.415589
 0.000072; 0.002061; 0.007776; 0.014158; 0.017621; 0.018967; 0.019433; 0.019588; 0.009182
-0.000149;-0.001180;-0.004167;-0.007797;-0.008933;-0.009186;-0.009248;-0.009266; 0.199525
-0.000211;-0.002200; 0.001148; 0.006998; 0.010092; 0.011256; 0.011653; 0.011785; 0.140356
 0.000228; 0.003230; 0.006564; 0.008004; 0.008094; 0.008013; 0.007972; 0.007956;-0.148807
 0.000061; 0.001168; 0.005826; 0.009757; 0.010956; 0.011258; 0.011342; 0.011368;-0.059305
-0.000068;-0.000460; 0.000086;-0.000546;-0.001349;-0.001736;-0.001879;-0.001928; 0.062707
 0.000071; 0.001132;-0.000267;-0.002475;-0.003270;-0.003507;-0.003581;-0.003605;-0.019524
-0.000455;-0.007496;-0.012263;-0.012384;-0.012192;-0.012119;-0.012095;-0.012088; 0.216246
 0.000347; 0.004534; 0.008575; 0.009749; 0.009247; 0.008854; 0.008693; 0.008636;-0.252379
-0.000164;-0.002038;-0.002682;-0.001285; 0.000037; 0.000645; 0.000867; 0.000942; 0.113224
 0.000120; 0.001747; 0.002030; 0.001387; 0.001388; 0.001492; 0.001544; 0.001562;-0.059335
 0.000233; 0.001469; 0.000570; 0.000384; 0.000379; 0.000389; 0.000393; 0.000395;-0.289188
 0.000035; 0.000671; 0.000630;-0.000368;-0.001024;-0.001292;-0.001386;-0.001418;-0.021101
 0.000224; 0.003628; 0.005193; 0.004281; 0.003538; 0.003205; 0.003083; 0.003042;-0.105766
 0.000117; 0.001421;-0.002456;-0.008457;-0.011232;-0.012198;-0.012518;-0.012622;-0.026197
-0.000093;-0.001046;-0.001018;-0.000005; 0.000730; 0.001046; 0.001159; 0.001198; 0.071605
 0.000137; 0.001289;-0.001588;-0.005568;-0.007288;-0.007857;-0.008041;-0.008100;-0.088879
-0.000205;-0.003879;-0.012223;-0.018601;-0.021030;-0.021819;-0.022073;-0.022156; 0.118212
-0.000174;-0.002222;-0.005274;-0.007214;-0.007462;-0.007405;-0.007366;-0.007350; 0.118418
 0.000227; 0.003129; 0.002729;-0.000217;-0.001776;-0.002354;-0.002550;-0.002614;-0.144347
 0.000191; 0.001517; 0.002634; 0.004349; 0.004852; 0.004937; 0.004952; 0.004955;-0.206868
 0.000276; 0.004554; 0.005961; 0.004037; 0.003011; 0.002648; 0.002528; 0.002489;-0.109747
 0.000010;-0.000293;-0.000329; 0.000911; 0.001677; 0.001971; 0.002071; 0.002104;-0.020677
-0.000147;-0.001513;-0.004304;-0.007768;-0.009243;-0.009727;-0.009883;-0.009933; 0.142183
-0.000244;-0.003234;-0.002753; 0.000074; 0.001660; 0.002273; 0.002485; 0.002555; 0.144574
-0.000173;-0.001642;-0.003979;-0.005621;-0.005799;-0.005742;-0.005706;-0.005693; 0.169981
-0.000203;-0.002856;-0.004237;-0.004350;-0.004509;-0.004608;-0.004648;-0.004662; 0.139917
 0.000650; 0.009694; 0.018986; 0.022318; 0.022747; 0.022731; 0.022705; 0.022694;-0.415589
 0.000080; 0.001183; 0.001125;-0.000314;-0.001159;-0.001473;-0.001579;-0.001614;-0.025117
 0.000125; 0.001655; 0.001974; 0.000318;-0.000714;-0.001087;-0.001210;-0.001250;-0.078342
 0.000068; 0.000003;-0.001872;-0.003114;-0.003642;-0.003834;-0.003898;-0.003920;-0.086525
-0.000057;-0.001883;-0.001303; 0.001814; 0.003366; 0.003930; 0.004120; 0.004183;-0.068733
-0.000105;-0.001124;-0.003094;-0.004029;-0.003705;-0.003432;-0.003319;-0.003280; 0.138600
-0.000157;-0.001805;-0.003774;-0.003756;-0.002751;-0.002186;-0.001968;-0.001893; 0.129639
-0.000143;-0.001795;-0.002479;-0.003112;-0.003510;-0.003662;-0.003713;-0.003730; 0.102608
-0.000150;-0.001536;-0.002310;-0.002416;-0.002080;-0.001879;-0.001801;-0.001774; 0.146257
 0.000130; 0.000294; 0.000354; 0.000513;-0.000105;-0.000484;-0.000632;-0.000684;-0.198724
-0.000150;-0.001586; 0.000310; 0.003301; 0.004440; 0.004761; 0.004856; 0.004885; 0.103104
-0.000270;-0.003397;-0.001649; 0.002304; 0.004003; 0.004554; 0.004730; 0.004786; 0.160726
 0.000172; 0.001802; 0.005924; 0.010866; 0.012946; 0.013629; 0.013849; 0.013921;-0.195382
-0.000086;-0.000643; 0.001423; 0.004387; 0.006089; 0.006785; 0.007032; 0.007114; 0.066932
-0.000193;-0.003041;-0.006917;-0.008526;-0.008644;-0.008571;-0.008531;-0.008516; 0.118545
-0.000081;-0.001080;-0.003464;-0.005781;-0.006706;-0.007003;-0.007098;-0.007129; 0.053646
 0.000230; 0.003081; 0.003204; 0.000401;-0.001291;-0.001940;-0.002161;-0.002235;-0.152319
-0.000110;-0.001400;-0.003314;-0.004260;-0.004177;-0.004037;-0.003975;-0.003953; 0.087707
 0.000122; 0.001277; 0.004117; 0.006556; 0.007195; 0.007325; 0.007356; 0.007365;-0.126336
-0.000251;-0.003601;-0.009944;-0.016038;-0.018349;-0.019023;-0.019226;-0.019290; 0.182721
 0.000233; 0.001469; 0.000570; 0.000384; 0.000379; 0.000389; 0.000393; 0.000395;-0.289188
 0.000264; 0.004197; 0.012417; 0.016883; 0.017495; 0.017452; 0.017404; 0.017384;-0.193159
-0.000130;-0.000968;-0.005103;-0.011549;-0.014827;-0.016039;-0.016450;-0.016586; 0.147363
-0.000108;-0.000708; 0.000379; 0.002453; 0.003735; 0.004238; 0.004412; 0.004469; 0.125672
-0.000074;-0.000390;-0.002218;-0.004414;-0.004812;-0.004788;-0.004755;-0.004742; 0.115429
 0.000176; 0.002104; 0.004381; 0.004218; 0.002867; 0.002107; 0.001814; 0.001713;-0.155033
 0.000117; 0.001421;-0.002456;-0.008457;-0.011232;-0.012198;-0.012518;-0.012622;-0.026197
 0.000247; 0.003676; 0.001049;-0.005399;-0.008338;-0.009325;-0.009646;-0.009750;-0.099757
 0.000217; 0.002660; 0.005552; 0.007533; 0.008141; 0.008302; 0.008348; 0.008363;-0.200622
-0.000089;-0.000634; 0.000554; 0.000726; 0.000296; 0.000041;-0.000059;-0.000094; 0.089026
 0.000210; 0.003244; 0.003593; 0.000732;-0.001117;-0.001866;-0.002128;-0.002216;-0.118118
 0.000233; 0.001469; 0.000570; 0.000384; 0.000379; 0.000389; 0.000393; 0.000395;-0.289188
 0.000014; 0.000945;-0.001441;-0.005990;-0.007906;-0.008513;-0.008705;-0.008767; 0.085138
-0.000043;-0.001459;-0.002501;-0.002116;-0.001933;-0.001888;-0.001877;-0.001874; 0.000888
 0.000363; 0.006201; 0.018052; 0.025876; 0.027846; 0.028216; 0.028293; 0.028313;-0.237489
 0.000276; 0.004554; 0.005961; 0.004037; 0.003011; 0.002648; 0.002528; 0.002489;-0.109747
-0.000110;-0.000569;-0.003700;-0.008197;-0.010040;-0.010633;-0.010822;-0.010884; 0.160530
 0.000147; 0.001697; 0.006260; 0.011691; 0.014055; 0.014848; 0.015107; 0.015191;-0.131837
-0.000251;-0.003601;-0.009944;-0.016038;-0.018349;-0.019023;-0.019226;-0.019290; 0.182721
-0.000030; 0.000087;-0.001529;-0.004900;-0.006745;-0.007453;-0.007697;-0.007779; 0.073796
-0.000174;-0.001602;-0.001906;-0.002146;-0.002174;-0.002159;-0.002150;-0.002147; 0.156427
 0.000199; 0.002982; 0.006030; 0.006976; 0.007064; 0.007056; 0.007049; 0.007047;-0.133255
 0.000072; 0.002061; 0.007776; 0.014158; 0.017621; 0.018967; 0.019433; 0.019588; 0.009182
-0.000110;-0.000569;-0.003700;-0.008197;-0.010040;-0.010633;-0.010822;-0.010884; 0.160530
 0.000279; 0.003498; 0.005551; 0.004951; 0.003889; 0.003368; 0.003175; 0.003110;-0.198451
 0.000021; 0.001164; 0.000914; 0.000089; 0.000297; 0.000518; 0.000613; 0.000647; 0.065699
-0.000241;-0.002146;-0.002873;-0.002689;-0.001800;-0.001286;-0.001086;-0.001016; 0.246556
-0.000068;-0.000460; 0.000086;-0.000546;-0.001349;-0.001736;-0.001879;-0.001928; 0.062707
-0.000078;-0.000445;-0.003335;-0.007666;-0.009509;-0.010099;-0.010286;-0.010347; 0.100434
 0.000258; 0.003606; 0.008871; 0.012141; 0.012794; 0.012854; 0.012851; 0.012847;-0.174712
 0.000218; 0.002995; 0.004885; 0.007240; 0.009166; 0.010049; 0.010373; 0.010483;-0.147566
-0.000106;-0.000608;-0.003130;-0.007408;-0.009469;-0.010200;-0.010443;-0.010523; 0.150398
 0.000231; 0.003337; 0.008627; 0.011620; 0.011910; 0.011781; 0.011705; 0.011676;-0.188808
-0.000219;-0.002845;-0.003490;-0.002478;-0.001691;-0.001340;-0.001213;-0.001170; 0.130835
-0.000135;-0.001128;-0.004503;-0.009757;-0.012210;-0.013047;-0.013321;-0.013410; 0.137235
 0.000315; 0.005036; 0.006270; 0.004672; 0.004165; 0.004059; 0.004034; 0.004027;-0.123309
 0.000014;-0.001167;-0.007872;-0.012920;-0.014217;-0.014457;-0.014505;-0.014518;-0.048424
-0.000203;-0.002856;-0.004237;-0.004350;-0.004509;-0.004608;-0.004648;-0.004662; 0.139917
-0.000400;-0.005797;-0.004722; 0.002703; 0.007189; 0.008968; 0.009588; 0.009795; 0.193264
 0.000196; 0.001647; 0.003252; 0.002677; 0.001014; 0.000134;-0.000200;-0.000314;-0.241700
-0.000031;-0.000626;-0.004308;-0.010383;-0.014141;-0.015686;-0.016232;-0.016415; 0.032113
 0.000117; 0.001421;-0.002456;-0.008457;-0.011232;-0.012198;-0.012518;-0.012622;-0.026197
 0.000210; 0.003244; 0.003593; 0.000732;-0.001117;-0.001866;-0.002128;-0.002216;-0.118118
 0.000094; 0.001426; 0.003917; 0.004892; 0.004693; 0.004494; 0.004410; 0.004381;-0.079943
-0.000002;-0.000245; 0.002621; 0.006491; 0.008226; 0.008839; 0.009043; 0.009111;-0.053976
-0.000079;-0.002397;-0.004665;-0.004510;-0.004382;-0.004359;-0.004356;-0.004355;-0.041954
 0.000104; 0.001234; 0.002239; 0.001116;-0.000239;-0.000879;-0.001114;-0.001193;-0.092759
-0.000138;-0.000819;-0.001487;-0.003383;-0.004144;-0.004352;-0.004411;-0.004429; 0.177126
 0.000120; 0.002334; 0.010297; 0.018134; 0.021435; 0.022551; 0.022917; 0.023037;-0.082040
 0.000081; 0.000575; 0.000577; 0.000184;-0.000126;-0.000247;-0.000288;-0.000301;-0.118305
 0.000105; 0.001480; 0.006596; 0.012104; 0.014328; 0.015038; 0.015263; 0.015336;-0.119984
-0.000052;-0.000231; 0.002209; 0.004741; 0.006071; 0.006615; 0.006809; 0.006875; 0.033354
 0.000106; 0.001226;-0.000841;-0.004238;-0.005878;-0.006471;-0.006670;-0.006736;-0.063698
 0.000349; 0.005735; 0.005150;-0.002656;-0.007182;-0.008904;-0.009492;-0.009687;-0.124776
 0.000524; 0.007464; 0.011698; 0.012098; 0.012032; 0.011982; 0.011963; 0.011956;-0.300205
-0.000179;-0.002070;-0.005365;-0.008812;-0.010069;-0.010415;-0.010516;-0.010547; 0.161176
-0.000197;-0.001567; 0.001518; 0.006071; 0.008442; 0.009324; 0.009623; 0.009722; 0.177554
-0.000378;-0.004718;-0.007729;-0.007532;-0.006362;-0.005717;-0.005470;-0.005384; 0.280447
-0.000356;-0.005639;-0.011146;-0.012517;-0.012557;-0.012508;-0.012486;-0.012478; 0.198394
-0.000052;-0.001240;-0.003092;-0.003925;-0.004083;-0.004093;-0.004090;-0.004088;-0.004824
-0.000070;-0.001469;-0.002614;-0.003178;-0.003475;-0.003581;-0.003616;-0.003628; 0.014376
 0.000261; 0.003905; 0.011159; 0.017259; 0.019693; 0.020503; 0.020767; 0.020853;-0.207996
-0.000283;-0.002890;-0.004238;-0.004755;-0.004520;-0.004317;-0.004231;-0.004201; 0.246668
-0.000320;-0.003740;-0.007741;-0.011405;-0.012958;-0.013484;-0.013657;-0.013714; 0.277171
 0.000303; 0.004451; 0.005384; 0.001219;-0.001889;-0.003211;-0.003682;-0.003840;-0.183634
 0.000031;-0.000113; 0.000998; 0.004102; 0.005844; 0.006502; 0.006727; 0.006801;-0.052031
-0.000365;-0.004485;-0.004728;-0.001645; 0.000203; 0.000908; 0.001149; 0.001229; 0.236308
 0.000020; 0.000128; 0.001107; 0.002024; 0.002254; 0.002295; 0.002303; 0.002304;-0.053105
-0.000412;-0.006450;-0.014170;-0.019381;-0.021737;-0.022610;-0.022909;-0.023008; 0.240365
-0.000128;-0.001884;-0.004894;-0.007179;-0.007806;-0.007931;-0.007958;-0.007966; 0.087425
-0.000074;-0.000390;-0.002218;-0.004414;-0.004812;-0.004788;-0.004755;-0.004742; 0.115429
-0.000298;-0.004335;-0.009557;-0.013399;-0.015141;-0.015790;-0.016012;-0.016086; 0.215855
-0.000179;-0.002070;-0.005365;-0.008812;-0.010069;-0.010415;-0.010516;-0.010547; 0.161176
 0.000041; 0.000023; 0.002014; 0.005563; 0.007266; 0.007865; 0.008064; 0.008129;-0.096776
-0.000078;-0.000445;-0.003335;-0.007666;-0.009509;-0.010099;-0.010286;-0.010347; 0.100434
 0.000009;-0.000830;-0.004433;-0.007107;-0.008286;-0.008722;-0.008871;-0.008920;-0.024581
-0.000106;-0.002394;-0.008355;-0.013285;-0.015348;-0.016062;-0.016299;-0.016377; 0.024802
 0.000409; 0.005461; 0.008686; 0.007836; 0.006290; 0.005504; 0.005209; 0.005108;-0.276818
 0.000259; 0.002601; 0.004669; 0.005267; 0.004593; 0.004139; 0.003957; 0.003894;-0.241374
 0.000188; 0.002317; 0.001141;-0.002947;-0.005473;-0.006484;-0.006837;-0.006955;-0.110880
 0.000003;-0.000227;-0.002799;-0.005496;-0.006651;-0.007063;-0.007202;-0.007249; 0.010784
-0.000266;-0.004480;-0.008237;-0.007111;-0.005227;-0.004287;-0.003935;-0.003815; 0.121415
 0.000092; 0.000403;-0.003858;-0.008349;-0.010467;-0.011263;-0.011537;-0.011628;-0.071930
 0.000045;-0.000005; 0.000317; 0.001865; 0.002921; 0.003375; 0.003539; 0.003594;-0.088554
-0.000097;-0.001306;-0.003443;-0.004748;-0.005050;-0.005107;-0.005119;-0.005123; 0.084328
-0.000076;-0.002684;-0.007688;-0.012271;-0.014860;-0.015884;-0.016240;-0.016359;-0.037601
-0.000279;-0.004307;-0.011660;-0.016509;-0.017662;-0.017845;-0.017875;-0.017881; 0.186914
 0.000176; 0.002104; 0.004381; 0.004218; 0.002867; 0.002107; 0.001814; 0.001713;-0.155033
-0.000022;-0.000895; 0.002681; 0.009300; 0.012487; 0.013608; 0.013979; 0.014101;-0.048147
 0.000228; 0.003230; 0.006564; 0.008004; 0.008094; 0.008013; 0.007972; 0.007956;-0.148807
 0.000092; 0.000403;-0.003858;-0.008349;-0.010467;-0.011263;-0.011537;-0.011628;-0.071930
 0.000239; 0.003468; 0.010336; 0.014961; 0.015841; 0.015888; 0.015867; 0.015856;-0.194063
 0.000027; 0.000049; 0.000904; 0.001977; 0.002197; 0.002205; 0.002197; 0.002193;-0.058355
-0.000313;-0.004401;-0.007822;-0.008640;-0.008260;-0.007956;-0.007831;-0.007786; 0.203729
-0.000012; 0.000621; 0.006479; 0.011040; 0.012333; 0.012653; 0.012743; 0.012771; 0.001536
 0.000373; 0.005286; 0.008554; 0.008824; 0.008758; 0.008743; 0.008741; 0.008741;-0.230455
-0.000441;-0.005517;-0.008979;-0.008500;-0.007078;-0.006337;-0.006057;-0.005961; 0.306943
 0.000247; 0.003676; 0.001049;-0.005399;-0.008338;-0.009325;-0.009646;-0.009750;-0.099757
-0.000022; 0.000473; 0.005181; 0.009231; 0.010291; 0.010479; 0.010515; 0.010524; 0.030262
 0.000258; 0.003606; 0.008871; 0.012141; 0.012794; 0.012854; 0.012851; 0.012847;-0.174712
-0.000149;-0.001180;-0.004167;-0.007797;-0.008933;-0.009186;-0.009248;-0.009266; 0.199525
 0.000228; 0.003399; 0.009388; 0.014798; 0.017250; 0.018138; 0.018439; 0.018539;-0.153583
 0.000228; 0.003230; 0.006564; 0.008004; 0.008094; 0.008013; 0.007972; 0.007956;-0.148807
-0.000304;-0.004267;-0.009532;-0.012220;-0.012727;-0.012774;-0.012772;-0.012769; 0.209495
-0.000025;-0.000085; 0.002539; 0.003836; 0.003534; 0.003241; 0.003118; 0.003074;-0.001054
-0.000386;-0.006470;-0.017716;-0.025072;-0.027201;-0.027725;-0.027869;-0.027913; 0.241225
-0.000034;-0.000527;-0.006089;-0.012038;-0.014085;-0.014642;-0.014804;-0.014854; 0.060176
 0.000027; 0.000782; 0.003275; 0.005785; 0.006960; 0.007382; 0.007524; 0.007571;-0.010745
-0.000142;-0.002075;-0.003054;-0.001740;-0.000431; 0.000171; 0.000392; 0.000466; 0.076435
 0.000034;-0.001116;-0.004667;-0.006166;-0.006671;-0.006863;-0.006931;-0.006954;-0.090762
-0.000100;-0.001531;-0.004055;-0.006948;-0.008458;-0.009027;-0.009222;-0.009287; 0.062567
 0.000002;-0.000989;-0.005820;-0.011697;-0.015118;-0.016508;-0.016997;-0.017161;-0.064755
-0.000455;-0.007496;-0.012263;-0.012384;-0.012192;-0.012119;-0.012095;-0.012088; 0.216246
-0.000128;-0.001884;-0.004894;-0.007179;-0.007806;-0.007931;-0.007958;-0.007966; 0.087425
 0.000149; 0.001727; 0.001073; 0.000063;-0.000046; 0.000005; 0.000035; 0.000046;-0.133172
 0.000180; 0.001616; 0.001438; 0.001303; 0.001263; 0.001252; 0.001248; 0.001247;-0.180638
 0.000096; 0.002527; 0.008075; 0.011892; 0.013459; 0.014007; 0.014189; 0.014249;-0.011213
 0.000216; 0.001818;-0.001384;-0.006440;-0.009220;-0.010301;-0.010674;-0.010799;-0.186770
 0.000102; 0.000832;-0.000084;-0.000898;-0.001181;-0.001278;-0.001312;-0.001323;-0.099980
-0.000055;-0.001407;-0.005411;-0.007503;-0.007632;-0.007516;-0.007456;-0.007433; 0.036444
-0.000421;-0.005083;-0.008310;-0.008824;-0.008377;-0.008092;-0.007981;-0.007942; 0.338848
-0.000002; 0.000511; 0.000931;-0.000020;-0.000615;-0.000830;-0.000901;-0.000924; 0.055681
 0.000344; 0.005110; 0.003927;-0.002523;-0.006201;-0.007626;-0.008119;-0.008283;-0.168449
-0.000247;-0.003161;-0.003038;-0.001800;-0.001386;-0.001276;-0.001245;-0.001235; 0.154591
 0.000002;-0.000989;-0.005820;-0.011697;-0.015118;-0.016508;-0.016997;-0.017161;-0.064755
 0.000332; 0.005189; 0.011396; 0.014891; 0.015925; 0.016187; 0.016260; 0.016283;-0.208636
 0.000224; 0.003628; 0.005193; 0.004281; 0.003538; 0.003205; 0.003083; 0.003042;-0.105766
 0.000020; 0.000345; 0.002009; 0.004188; 0.005117; 0.005409; 0.005500; 0.005529;-0.031479
-0.000365;-0.004485;-0.004728;-0.001645; 0.000203; 0.000908; 0.001149; 0.001229; 0.236308
 0.000309; 0.005929; 0.010675; 0.010113; 0.009082; 0.008603; 0.008428; 0.008369;-0.093166
-0.000174;-0.001602;-0.001906;-0.002146;-0.002174;-0.002159;-0.002150;-0.002147; 0.156427
-0.000339;-0.004802;-0.008459;-0.007897;-0.006620;-0.005997;-0.005767;-0.005689; 0.222254
 0.000045;-0.000005; 0.000317; 0.001865; 0.002921; 0.003375; 0.003539; 0.003594;-0.088554
-0.000067;-0.001063;-0.001045;-0.000703;-0.000854;-0.000984;-0.001039;-0.001058; 0.007128
 0.000122; 0.000808; 0.000814; 0.000812; 0.000659; 0.000579; 0.000550; 0.000540;-0.159473
-0.000185;-0.003460;-0.006381;-0.006633;-0.006475;-0.006391;-0.006360;-0.006350; 0.062711
 0.000241; 0.003417; 0.006966; 0.007565; 0.006935; 0.006542; 0.006388; 0.006335;-0.152150
-0.000185;-0.003460;-0.006381;-0.006633;-0.006475;-0.006391;-0.006360;-0.006350; 0.062711
-0.000289;-0.004456;-0.006481;-0.004900;-0.003700;-0.003213;-0.003043;-0.002987; 0.153869
-0.000058;-0.000723; 0.003289; 0.008904; 0.011514; 0.012451; 0.012766; 0.012870; 0.007509
 0.000284; 0.004454; 0.007685; 0.008482; 0.008567; 0.008537; 0.008518; 0.008511;-0.153119
-0.000025;-0.000085; 0.002539; 0.003836; 0.003534; 0.003241; 0.003118; 0.003074;-0.001054
 0.000031; 0.001452; 0.003325; 0.003892; 0.004343; 0.004578; 0.004668; 0.004700; 0.058775
 0.000276; 0.004554; 0.005961; 0.004037; 0.003011; 0.002648; 0.002528; 0.002489;-0.109747
 0.000050; 0.001337; 0.008377; 0.015847; 0.019029; 0.020105; 0.020457; 0.020572;-0.008365
 0.000093; 0.001648; 0.003407; 0.004799; 0.005555; 0.005844; 0.005943; 0.005975;-0.043310
-0.000416;-0.005557;-0.013436;-0.018991;-0.020581;-0.020945;-0.021039;-0.021067; 0.329380
 0.000225; 0.002030; 0.001907; 0.001498; 0.001192; 0.001054; 0.001004; 0.000987;-0.216536
-0.000313;-0.004582;-0.009406;-0.011208;-0.011291;-0.011198;-0.011152;-0.011135; 0.215486
-0.000017; 0.000438; 0.003775; 0.008896; 0.011970; 0.013198; 0.013626; 0.013769; 0.020353
-0.000017; 0.000438; 0.003775; 0.008896; 0.011970; 0.013198; 0.013626; 0.013769; 0.020353
 0.000075; 0.000250;-0.001445;-0.003357;-0.004440;-0.004870;-0.005019;-0.005069;-0.089301
 0.000050; 0.001337; 0.008377; 0.015847; 0.019029; 0.020105; 0.020457; 0.020572;-0.008365
-0.000008; 0.000183;-0.000271;-0.001460;-0.002031;-0.002227;-0.002292;-0.002313; 0.035574
-0.000044; 0.000194; 0.002681; 0.005372; 0.006897; 0.007512; 0.007729; 0.007802; 0.075919
-0.000380;-0.005753;-0.012373;-0.015820;-0.016778;-0.017023;-0.017092;-0.017114; 0.266300
 0.000276; 0.004554; 0.005961; 0.004037; 0.003011; 0.002648; 0.002528; 0.002489;-0.109747
-0.000148;-0.001854;-0.004535;-0.006262;-0.006694;-0.006790;-0.006815;-0.006823; 0.140993
 0.000354; 0.004986; 0.009201; 0.011211; 0.012045; 0.012365; 0.012478; 0.012515;-0.233012
 0.000256; 0.005176; 0.009761; 0.010270; 0.010419; 0.010518; 0.010560; 0.010574;-0.059453
 0.000363; 0.006201; 0.018052; 0.025876; 0.027846; 0.028216; 0.028293; 0.028313;-0.237489
 0.000236; 0.003590; 0.005402; 0.004361; 0.003470; 0.003105; 0.002978; 0.002936;-0.136348
 0.000264; 0.004197; 0.012417; 0.016883; 0.017495; 0.017452; 0.017404; 0.017384;-0.193159
-0.000149;-0.002263;-0.003232;-0.003539;-0.003811;-0.003928;-0.003970;-0.003984; 0.075700
 0.000013; 0.000729;-0.000664;-0.003383;-0.004327;-0.004561;-0.004624;-0.004643; 0.034982
-0.000038;-0.000501;-0.003650;-0.006403;-0.006959;-0.006991;-0.006978;-0.006971; 0.059457
-0.000230;-0.003806;-0.005909;-0.004271;-0.002898;-0.002323;-0.002121;-0.002053; 0.088649
 0.000081; 0.000575; 0.000577; 0.000184;-0.000126;-0.000247;-0.000288;-0.000301;-0.118305
 0.000084; 0.001034;-0.000868;-0.003775;-0.004959;-0.005321;-0.005433;-0.005469;-0.038856
 0.000105; 0.000798; 0.001749; 0.001946; 0.001438; 0.001138; 0.001021; 0.000981;-0.123518
 0.000090; 0.001044; 0.003868; 0.006422; 0.007322; 0.007598; 0.007686; 0.007714;-0.101596
-0.000203;-0.002856;-0.004237;-0.004350;-0.004509;-0.004608;-0.004648;-0.004662; 0.139917
-0.000146;-0.002506;-0.005389;-0.005193;-0.004146;-0.003596;-0.003387;-0.003316; 0.076476
 0.000344; 0.005110; 0.003927;-0.002523;-0.006201;-0.007626;-0.008119;-0.008283;-0.168449
-0.000149;-0.002263;-0.003232;-0.003539;-0.003811;-0.003928;-0.003970;-0.003984; 0.075700
-0.000219;-0.002845;-0.003490;-0.002478;-0.001691;-0.001340;-0.001213;-0.001170; 0.130835
 0.000105; 0.000798; 0.001749; 0.001946; 0.001438; 0.001138; 0.001021; 0.000981;-0.123518
-0.000148;-0.001854;-0.004535;-0.006262;-0.006694;-0.006790;-0.006815;-0.006823; 0.140993
 0.000030; 0.000760; 0.000965;-0.000095;-0.000820;-0.001115;-0.001219;-0.001253;-0.034203
-0.000110;-0.000569;-0.003700;-0.008197;-0.010040;-0.010633;-0.010822;-0.010884; 0.160530
 0.000086; 0.000406; 0.001912; 0.003168; 0.003118; 0.002963; 0.002892; 0.002867;-0.129764
-0.000289;-0.004683;-0.009579;-0.010527;-0.010022;-0.009674;-0.009535;-0.009487; 0.148844
 0.000061; 0.001168; 0.005826; 0.009757; 0.010956; 0.011258; 0.011342; 0.011368;-0.059305
 0.000142; 0.000683;-0.002246;-0.006543;-0.009414;-0.010643;-0.011084;-0.011232;-0.162014
-0.000076;-0.001314; 0.001889; 0.004760; 0.004904; 0.004701; 0.004598; 0.004560;-0.014928
-0.000274;-0.004953;-0.006836;-0.004461;-0.003406;-0.003115;-0.003032;-0.003006; 0.082724
 0.000184; 0.002425; 0.003621; 0.004771; 0.005719; 0.006149; 0.006306; 0.006359;-0.125681
-0.000313;-0.004401;-0.007822;-0.008640;-0.008260;-0.007956;-0.007831;-0.007786; 0.203729
 0.000237; 0.004269; 0.009177; 0.011384; 0.012126; 0.012365; 0.012443; 0.012468;-0.087472
-0.000089;-0.001774;-0.001415; 0.001547; 0.003228; 0.003868; 0.004087; 0.004160;-0.006340
 0.000260; 0.003291; 0.006304; 0.009984; 0.012147; 0.012999; 0.013295; 0.013393;-0.178808
-0.000086;-0.001043;-0.002482;-0.001247; 0.000483; 0.001315; 0.001621; 0.001725; 0.086923
-0.000185;-0.003460;-0.006381;-0.006633;-0.006475;-0.006391;-0.006360;-0.006350; 0.062711
 0.000303; 0.004451; 0.005384; 0.001219;-0.001889;-0.003211;-0.003682;-0.003840;-0.183634
-0.000421;-0.005083;-0.008310;-0.008824;-0.008377;-0.008092;-0.007981;-0.007942; 0.338848
-0.000074;-0.000390;-0.002218;-0.004414;-0.004812;-0.004788;-0.004755;-0.004742; 0.115429
-0.000230;-0.003806;-0.005909;-0.004271;-0.002898;-0.002323;-0.002121;-0.002053; 0.088649
-0.000024;-0.000146;-0.002766;-0.006152;-0.007663;-0.008190;-0.008364;-0.008421; 0.047166
 0.000004; 0.000607; 0.000990; 0.001669; 0.002340; 0.002636; 0.002741; 0.002777; 0.061912
 0.000254; 0.003051; 0.003070;-0.000431;-0.003231;-0.004472;-0.004921;-0.005073;-0.194766
-0.000058;-0.000723; 0.003289; 0.008904; 0.011514; 0.012451; 0.012766; 0.012870; 0.007509
-0.000135;-0.001128;-0.004503;-0.009757;-0.012210;-0.013047;-0.013321;-0.013410; 0.137235
 0.000172; 0.001802; 0.005924; 0.010866; 0.012946; 0.013629; 0.013849; 0.013921;-0.195382
 0.000081; 0.000365; 0.000199; 0.000403; 0.000343; 0.000276; 0.000247; 0.000237;-0.097990
-0.000150;-0.001536;-0.002310;-0.002416;-0.002080;-0.001879;-0.001801;-0.001774; 0.146257
-0.000416;-0.005557;-0.013436;-0.018991;-0.020581;-0.020945;-0.021039;-0.021067; 0.329380
-0.000379;-0.005696;-0.013252;-0.019359;-0.022217;-0.023277;-0.023639;-0.023759; 0.230071
-0.000000;-0.001112; 0.000550; 0.003227; 0.003707; 0.003696; 0.003667; 0.003654;-0.112479
 0.000147; 0.001697; 0.006260; 0.011691; 0.014055; 0.014848; 0.015107; 0.015191;-0.131837
-0.000379;-0.005696;-0.013252;-0.019359;-0.022217;-0.023277;-0.023639;-0.023759; 0.230071
 0.000210; 0.003244; 0.003593; 0.000732;-0.001117;-0.001866;-0.002128;-0.002216;-0.118118
 0.000168; 0.002982; 0.002631;-0.001523;-0.003635;-0.004357;-0.004592;-0.004668;-0.042643
 0.000231; 0.003337; 0.008627; 0.011620; 0.011910; 0.011781; 0.011705; 0.011676;-0.188808
 0.000054; 0.001727; 0.000765;-0.001907;-0.002897;-0.003194;-0.003286;-0.003316; 0.036543
 0.000109; 0.002245; 0.006742; 0.009167; 0.009721; 0.009834; 0.009861; 0.009869;-0.060578
 0.000105; 0.000798; 0.001749; 0.001946; 0.001438; 0.001138; 0.001021; 0.000981;-0.123518
-0.000230;-0.003806;-0.005909;-0.004271;-0.002898;-0.002323;-0.002121;-0.002053; 0.088649
-0.000290;-0.003579;-0.007437;-0.009595;-0.009955;-0.009954;-0.009936;-0.009928; 0.215138
 0.000101; 0.002237; 0.005401; 0.005663; 0.004984; 0.004596; 0.004446; 0.004395;-0.027461
 0.000058; 0.000323;-0.000743;-0.001149;-0.001215;-0.001238;-0.001246;-0.001249;-0.062058
-0.000058;-0.000723; 0.003289; 0.008904; 0.011514; 0.012451; 0.012766; 0.012870; 0.007509
-0.000204;-0.002389;-0.001413; 0.001793; 0.003817; 0.004642; 0.004932; 0.005029; 0.134701
 0.000027; 0.000049; 0.000904; 0.001977; 0.002197; 0.002205; 0.002197; 0.002193;-0.058355
 0.000304; 0.004156; 0.010646; 0.013953; 0.014026; 0.013763; 0.013635; 0.013589;-0.244065
-0.000031;-0.000223; 0.002375; 0.005826; 0.007596; 0.008277; 0.008513; 0.008591; 0.010035
 0.000122; 0.000808; 0.000814; 0.000812; 0.000659; 0.000579; 0.000550; 0.000540;-0.159473
-0.000309;-0.005057;-0.006650;-0.004764;-0.003848;-0.003548;-0.003452;-0.003420; 0.112991
-0.000272;-0.003719;-0.010032;-0.015890;-0.018430;-0.019312;-0.019605;-0.019701; 0.198308
 0.000009;-0.000830;-0.004433;-0.007107;-0.008286;-0.008722;-0.008871;-0.008920;-0.024581
-0.000044; 0.000194; 0.002681; 0.005372; 0.006897; 0.007512; 0.007729; 0.007802; 0.075919
 0.000092; 0.001711; 0.005533; 0.007926; 0.008460; 0.008538; 0.008549; 0.008551;-0.050404
 0.000010;-0.000293;-0.000329; 0.000911; 0.001677; 0.001971; 0.002071; 0.002104;-0.020677
-0.000174;-0.002222;-0.005274;-0.007214;-0.007462;-0.007405;-0.007366;-0.007350; 0.118418
 0.000196; 0.001647; 0.003252; 0.002677; 0.001014; 0.000134;-0.000200;-0.000314;-0.241700
 0.000012;-0.000897;-0.006861;-0.011913;-0.013601;-0.014069;-0.014207;-0.014250;-0.047365
 0.000261; 0.003905; 0.011159; 0.017259; 0.019693; 0.020503; 0.020767; 0.020853;-0.207996
-0.000380;-0.005753;-0.012373;-0.015820;-0.016778;-0.017023;-0.017092;-0.017114; 0.266300
-0.000029;-0.001712;-0.006450;-0.012163;-0.015589;-0.016972;-0.017456;-0.017618;-0.041404
 0.000191; 0.001517; 0.002634; 0.004349; 0.004852; 0.004937; 0.004952; 0.004955;-0.206868
 0.000256; 0.005176; 0.009761; 0.010270; 0.010419; 0.010518; 0.010560; 0.010574;-0.059453
 0.000090; 0.000964;-0.001777;-0.005486;-0.007266;-0.007926;-0.008151;-0.008226;-0.046351
-0.000002;-0.000245; 0.002621; 0.006491; 0.008226; 0.008839; 0.009043; 0.009111;-0.053976
 0.000261; 0.003905; 0.011159; 0.017259; 0.019693; 0.020503; 0.020767; 0.020853;-0.207996
 0.000188; 0.001856; 0.002448; 0.001430; 0.000378;-0.000093;-0.000262;-0.000319;-0.188479
 0.000061; 0.001168; 0.005826; 0.009757; 0.010956; 0.011258; 0.011342; 0.011368;-0.059305
 0.000373; 0.005286; 0.008554; 0.008824; 0.008758; 0.008743; 0.008741; 0.008741;-0.230455
-0.000018;-0.000453; 0.001514; 0.005392; 0.007270; 0.007922; 0.008137; 0.008207;-0.019608
 0.000180; 0.001616; 0.001438; 0.001303; 0.001263; 0.001252; 0.001248; 0.001247;-0.180638
-0.000067;-0.001063;-0.001045;-0.000703;-0.000854;-0.000984;-0.001039;-0.001058; 0.007128
 0.000117; 0.001430; 0.005690; 0.008864; 0.009478; 0.009527; 0.009521; 0.009517;-0.135557
-0.000057;-0.001883;-0.001303; 0.001814; 0.003366; 0.003930; 0.004120; 0.004183;-0.068733
 0.000131; 0.002785; 0.005393; 0.005782; 0.005779; 0.005762; 0.005754; 0.005751;-0.019210
-0.000030; 0.000087;-0.001529;-0.004900;-0.006745;-0.007453;-0.007697;-0.007779; 0.073796
-0.000290;-0.003579;-0.007437;-0.009595;-0.009955;-0.009954;-0.009936;-0.009928; 0.215138
-0.000195;-0.001541;-0.001317;-0.000401; 0.000604; 0.001101; 0.001287; 0.001351; 0.202205
-0.000203;-0.002856;-0.004237;-0.004350;-0.004509;-0.004608;-0.004648;-0.004662; 0.139917
 0.000256; 0.005176; 0.009761; 0.010270; 0.010419; 0.010518; 0.010560; 0.010574;-0.059453
-0.000185;-0.003460;-0.006381;-0.006633;-0.006475;-0.006391;-0.006360;-0.006350; 0.062711
 0.000176; 0.002104; 0.004381; 0.004218; 0.002867; 0.002107; 0.001814; 0.001713;-0.155033
-0.000380;-0.005753;-0.012373;-0.015820;-0.016778;-0.017023;-0.017092;-0.017114; 0.266300
-0.000070;-0.000826; 0.002641; 0.006197; 0.007058; 0.007185; 0.007202; 0.007204; 0.023152
 0.000003;-0.000227;-0.002799;-0.005496;-0.006651;-0.007063;-0.007202;-0.007249; 0.010784
-0.000371;-0.005642;-0.010479;-0.011296;-0.010787;-0.010448;-0.010313;-0.010267; 0.189343
-0.000000;-0.001112; 0.000550; 0.003227; 0.003707; 0.003696; 0.003667; 0.003654;-0.112479
 0.000196; 0.001647; 0.003252; 0.002677; 0.001014; 0.000134;-0.000200;-0.000314;-0.241700
 0.000171; 0.002562; 0.003944; 0.003876; 0.003763; 0.003713; 0.003696; 0.003690;-0.067958
 0.000045; 0.000683; 0.001359; 0.002244; 0.002831; 0.003075; 0.003162; 0.003191;-0.023473
 0.000010;-0.000293;-0.000329; 0.000911; 0.001677; 0.001971; 0.002071; 0.002104;-0.020677
 0.000363; 0.006201; 0.018052; 0.025876; 0.027846; 0.028216; 0.028293; 0.028313;-0.237489
-0.000333;-0.005231;-0.005609;-0.002331;-0.000924;-0.000488;-0.000352;-0.000309; 0.146281
 0.000092; 0.001711; 0.005533; 0.007926; 0.008460; 0.008538; 0.008549; 0.008551;-0.050404
-0.000197;-0.001567; 0.001518; 0.006071; 0.008442; 0.009324; 0.009623; 0.009722; 0.177554
-0.000234;-0.003139;-0.001999; 0.002285; 0.004726; 0.005666; 0.005990; 0.006097; 0.138809
-0.000368;-0.004879;-0.007914;-0.008466;-0.008202;-0.008005;-0.007924;-0.007896; 0.266487
-0.000002; 0.001323; 0.003547; 0.003184; 0.002560; 0.002266; 0.002158; 0.002121; 0.084752
 0.000354; 0.004986; 0.009201; 0.011211; 0.012045; 0.012365; 0.012478; 0.012515;-0.233012
 0.000050; 0.001337; 0.008377; 0.015847; 0.019029; 0.020105; 0.020457; 0.020572;-0.008365
-0.000028;-0.000328;-0.001603;-0.003434;-0.004384;-0.004741;-0.004863;-0.004903; 0.030482
-0.000174;-0.002222;-0.005274;-0.007214;-0.007462;-0.007405;-0.007366;-0.007350; 0.118418
-0.000031; 0.000457; 0.001296; 0.002636; 0.003902; 0.004494; 0.004711; 0.004785; 0.108631
-0.000023; 0.000245;-0.000556;-0.000256; 0.000815; 0.001380; 0.001594; 0.001667; 0.074571
 0.000045;-0.000005; 0.000317; 0.001865; 0.002921; 0.003375; 0.003539; 0.003594;-0.088554
-0.000243;-0.003959;-0.011104;-0.016918;-0.019368;-0.020223;-0.020509;-0.020602; 0.153966
-0.000022;-0.000895; 0.002681; 0.009300; 0.012487; 0.013608; 0.013979; 0.014101;-0.048147
 0.000197; 0.002965; 0.009130; 0.013973; 0.015686; 0.016213; 0.016380; 0.016433;-0.165930
-0.000017; 0.000438; 0.003775; 0.008896; 0.011970; 0.013198; 0.013626; 0.013769; 0.020353
 0.000080; 0.001183; 0.001125;-0.000314;-0.001159;-0.001473;-0.001579;-0.001614;-0.025117
 0.000247; 0.003757; 0.010200; 0.014844; 0.016191; 0.016504; 0.016585; 0.016609;-0.150410
-0.000022;-0.000895; 0.002681; 0.009300; 0.012487; 0.013608; 0.013979; 0.014101;-0.048147
 0.000092; 0.000889; 0.002650; 0.003604; 0.003400; 0.003197; 0.003112; 0.003082;-0.106919
 0.000276; 0.003404; 0.006519; 0.007471; 0.007006; 0.006647; 0.006500; 0.006448;-0.193985
 0.000010; 0.000866; 0.001575; 0.002049; 0.002623; 0.002900; 0.003002; 0.003037; 0.046165
-0.000017; 0.000438; 0.003775; 0.008896; 0.011970; 0.013198; 0.013626; 0.013769; 0.020353
-0.000149;-0.002263;-0.003232;-0.003539;-0.003811;-0.003928;-0.003970;-0.003984; 0.075700
 0.000335; 0.005278; 0.009667; 0.011118; 0.011594; 0.011759; 0.011814; 0.011833;-0.184938
-0.000261;-0.003720;-0.009645;-0.014222;-0.015851;-0.016340;-0.016492;-0.016540; 0.198680
-0.000208;-0.003031;-0.009362;-0.013819;-0.014834;-0.014981;-0.015002;-0.015005; 0.174757
-0.000214;-0.003264;-0.008081;-0.011797;-0.013334;-0.013861;-0.014035;-0.014092; 0.147144
 0.000109; 0.002245; 0.006742; 0.009167; 0.009721; 0.009834; 0.009861; 0.009869;-0.060578
-0.000145;-0.001349; 0.000078; 0.002954; 0.004751; 0.005485; 0.005743; 0.005830; 0.125919
 0.000256; 0.003045; 0.009249; 0.014757; 0.016444; 0.016851; 0.016961; 0.016994;-0.214491
-0.000135;-0.001128;-0.004503;-0.009757;-0.012210;-0.013047;-0.013321;-0.013410; 0.137235
 0.000154; 0.002607; 0.010377; 0.017298; 0.019970; 0.020836; 0.021116; 0.021207;-0.116145
-0.000057;-0.001883;-0.001303; 0.001814; 0.003366; 0.003930; 0.004120; 0.004183;-0.068733
-0.000031; 0.000457; 0.001296; 0.002636; 0.003902; 0.004494; 0.004711; 0.004785; 0.108631
 0.000231; 0.003337; 0.008627; 0.011620; 0.011910; 0.011781; 0.011705; 0.011676;-0.188808
-0.000107;-0.002621;-0.012376;-0.021881;-0.026116;-0.027619;-0.028122;-0.028288; 0.068651
 0.000344; 0.003613; 0.006260; 0.006761; 0.005838; 0.005257; 0.005027; 0.004948;-0.326522
 0.000247; 0.003676; 0.001049;-0.005399;-0.008338;-0.009325;-0.009646;-0.009750;-0.099757
 0.000105; 0.001480; 0.006596; 0.012104; 0.014328; 0.015038; 0.015263; 0.015336;-0.119984
 0.000105; 0.001480; 0.006596; 0.012104; 0.014328; 0.015038; 0.015263; 0.015336;-0.119984
-0.000052;-0.000231; 0.002209; 0.004741; 0.006071; 0.006615; 0.006809; 0.006875; 0.033354
 0.000277; 0.003439; 0.004958; 0.005153; 0.005165; 0.005167; 0.005168; 0.005168;-0.211003
 0.000125; 0.001655; 0.001974; 0.000318;-0.000714;-0.001087;-0.001210;-0.001250;-0.078342
 0.000259; 0.002601; 0.004669; 0.005267; 0.004593; 0.004139; 0.003957; 0.003894;-0.241374
 0.000228; 0.003399; 0.009388; 0.014798; 0.017250; 0.018138; 0.018439; 0.018539;-0.153583
 0.000255; 0.003846; 0.010751; 0.016108; 0.017775; 0.018188; 0.018301; 0.018336;-0.186538
-0.000039;-0.000988;-0.002894;-0.005063;-0.006404;-0.006960;-0.007158;-0.007224;-0.006910
 0.000239; 0.003468; 0.010336; 0.014961; 0.015841; 0.015888; 0.015867; 0.015856;-0.194063
-0.000195;-0.002175;-0.004940;-0.005240;-0.004118;-0.003462;-0.003208;-0.003120; 0.159496
-0.000072;-0.002402;-0.003358;-0.001223;-0.000329;-0.000094;-0.000030;-0.000010;-0.059694
-0.000055;-0.001407;-0.005411;-0.007503;-0.007632;-0.007516;-0.007456;-0.007433; 0.036444
-0.000069;-0.000277; 0.005685; 0.013370; 0.017159; 0.018560; 0.019036; 0.019194; 0.015981
 0.000321; 0.004768; 0.011553; 0.014604; 0.014748; 0.014570; 0.014480; 0.014447;-0.205781
-0.000274;-0.004953;-0.006836;-0.004461;-0.003406;-0.003115;-0.003032;-0.003006; 0.082724
 0.000279; 0.003498; 0.005551; 0.004951; 0.003889; 0.003368; 0.003175; 0.003110;-0.198451
-0.000279;-0.004307;-0.011660;-0.016509;-0.017662;-0.017845;-0.017875;-0.017881; 0.186914
-0.000067;-0.000044;-0.001239;-0.003440;-0.004154;-0.004320;-0.004363;-0.004376; 0.117358
 0.000139; 0.001435; 0.003220; 0.004333; 0.004223; 0.004044; 0.003964; 0.003936;-0.134251
-0.000289;-0.004683;-0.009579;-0.010527;-0.010022;-0.009674;-0.009535;-0.009487; 0.148844
-0.000076;-0.001314; 0.001889; 0.004760; 0.004904; 0.004701; 0.004598; 0.004560;-0.014928
-0.000290;-0.003579;-0.007437;-0.009595;-0.009955;-0.009954;-0.009936;-0.009928; 0.215138
 0.000185; 0.002299; 0.002312;-0.000183;-0.002358;-0.003365;-0.003735;-0.003861;-0.098939
 0.000010; 0.000866; 0.001575; 0.002049; 0.002623; 0.002900; 0.003002; 0.003037; 0.046165
-0.000043;-0.001459;-0.002501;-0.002116;-0.001933;-0.001888;-0.001877;-0.001874; 0.000888
-0.000181;-0.002396;-0.004621;-0.004827;-0.004280;-0.003974;-0.003858;-0.003818; 0.124679
-0.000142;-0.002075;-0.003054;-0.001740;-0.000431; 0.000171; 0.000392; 0.000466; 0.076435
-0.000204;-0.002389;-0.001413; 0.001793; 0.003817; 0.004642; 0.004932; 0.005029; 0.134701
-0.000421;-0.005083;-0.008310;-0.008824;-0.008377;-0.008092;-0.007981;-0.007942; 0.338848
-0.000112;-0.001612;-0.000872; 0.002764; 0.005141; 0.006112; 0.006454; 0.006568; 0.074048
-0.000257;-0.003090;-0.007952;-0.013871;-0.016915;-0.018058;-0.018449;-0.018579; 0.226138
-0.000298;-0.004335;-0.009557;-0.013399;-0.015141;-0.015790;-0.016012;-0.016086; 0.215855
 0.000171; 0.002562; 0.003944; 0.003876; 0.003763; 0.003713; 0.003696; 0.003690;-0.067958
 0.000054; 0.001727; 0.000765;-0.001907;-0.002897;-0.003194;-0.003286;-0.003316; 0.036543
-0.000195;-0.002392;-0.004667;-0.005349;-0.005011;-0.004755;-0.004651;-0.004614; 0.171183
-0.000031;-0.000626;-0.004308;-0.010383;-0.014141;-0.015686;-0.016232;-0.016415; 0.032113
-0.000056; 0.000116;-0.000631;-0.001920;-0.001975;-0.001851;-0.001789;-0.001766; 0.113792
 0.000043; 0.000335;-0.000009; 0.000698; 0.001314; 0.001565; 0.001653; 0.001682;-0.035148
 0.000129; 0.002450; 0.004203; 0.004170; 0.004122; 0.004122; 0.004125; 0.004127;-0.032264
 0.000034; 0.000913; 0.000520;-0.000998;-0.001555;-0.001690;-0.001725;-0.001735;-0.000331
 0.000003; 0.000027;-0.000641;-0.000288; 0.000430; 0.000796; 0.000933; 0.000980; 0.001459
 0.000322; 0.004911; 0.011895; 0.016441; 0.017939; 0.018372; 0.018504; 0.018546;-0.199177
-0.000179;-0.002070;-0.005365;-0.008812;-0.010069;-0.010415;-0.010516;-0.010547; 0.161176
-0.000379;-0.005696;-0.013252;-0.019359;-0.022217;-0.023277;-0.023639;-0.023759; 0.230071
-0.000068;-0.000460; 0.000086;-0.000546;-0.001349;-0.001736;-0.001879;-0.001928; 0.062707
 0.000233; 0.001469; 0.000570; 0.000384; 0.000379; 0.000389; 0.000393; 0.000395;-0.289188
-0.000057; 0.000685; 0.007794; 0.014475; 0.017277; 0.018241; 0.018560; 0.018665; 0.097583
 0.000310; 0.003989; 0.008436; 0.010814; 0.010977; 0.010835; 0.010760; 0.010732;-0.237334
-0.000365;-0.004485;-0.004728;-0.001645; 0.000203; 0.000908; 0.001149; 0.001229; 0.236308
-0.000380;-0.005753;-0.012373;-0.015820;-0.016778;-0.017023;-0.017092;-0.017114; 0.266300
 0.000311; 0.004458; 0.007348; 0.006359; 0.005016; 0.004381; 0.004147; 0.004068;-0.174435
 0.000122; 0.001225; 0.003132; 0.004544; 0.004692; 0.004638; 0.004606; 0.004594;-0.098029
 0.000218; 0.002995; 0.004885; 0.007240; 0.009166; 0.010049; 0.010373; 0.010483;-0.147566
 0.000010;-0.000293;-0.000329; 0.000911; 0.001677; 0.001971; 0.002071; 0.002104;-0.020677
-0.000072;-0.002402;-0.003358;-0.001223;-0.000329;-0.000094;-0.000030;-0.000010;-0.059694
 0.000068; 0.000003;-0.001872;-0.003114;-0.003642;-0.003834;-0.003898;-0.003920;-0.086525
 0.000086; 0.000406; 0.001912; 0.003168; 0.003118; 0.002963; 0.002892; 0.002867;-0.129764
-0.000057;-0.001883;-0.001303; 0.001814; 0.003366; 0.003930; 0.004120; 0.004183;-0.068733
-0.000441;-0.005517;-0.008979;-0.008500;-0.007078;-0.006337;-0.006057;-0.005961; 0.306943
 0.000035; 0.000671; 0.000630;-0.000368;-0.001024;-0.001292;-0.001386;-0.001418;-0.021101
-0.000180;-0.002297;-0.004094;-0.006330;-0.007800;-0.008410;-0.008626;-0.008699; 0.136078
 0.000448; 0.006474; 0.011913; 0.013541; 0.013884; 0.013979; 0.014010; 0.014020;-0.279657
-0.000230;-0.003806;-0.005909;-0.004271;-0.002898;-0.002323;-0.002121;-0.002053; 0.088649
 0.000354; 0.004986; 0.009201; 0.011211; 0.012045; 0.012365; 0.012478; 0.012515;-0.233012
 0.000172; 0.001802; 0.005924; 0.010866; 0.012946; 0.013629; 0.013849; 0.013921;-0.195382
-0.000156;-0.001952;-0.003360;-0.004607;-0.005334;-0.005636;-0.005743;-0.005780; 0.109172
 0.000003; 0.000027;-0.000641;-0.000288; 0.000430; 0.000796; 0.000933; 0.000980; 0.001459
-0.000365;-0.004514;-0.006043;-0.006092;-0.006129;-0.006151;-0.006160;-0.006163; 0.277883
 0.000240; 0.003166; 0.004109; 0.003671; 0.003194; 0.002945; 0.002849; 0.002816;-0.166497
-0.000144;-0.001466;-0.001742;-0.001680;-0.001285;-0.001032;-0.000930;-0.000894; 0.116566
-0.000243;-0.003959;-0.011104;-0.016918;-0.019368;-0.020223;-0.020509;-0.020602; 0.153966
 0.000260; 0.003291; 0.006304; 0.009984; 0.012147; 0.012999; 0.013295; 0.013393;-0.178808
-0.000024;-0.000146;-0.002766;-0.006152;-0.007663;-0.008190;-0.008364;-0.008421; 0.047166
-0.000250;-0.002239;-0.000598; 0.002755; 0.004999; 0.005955; 0.006297; 0.006412; 0.226085
 0.000154; 0.002260; 0.007745; 0.012202; 0.013629; 0.014015; 0.014127; 0.014162;-0.137367
 0.000120; 0.001747; 0.002030; 0.001387; 0.001388; 0.001492; 0.001544; 0.001562;-0.059335
-0.000121;-0.002402;-0.002646;-0.000931;-0.000359;-0.000236;-0.000207;-0.000199; 0.014296
-0.000279;-0.004307;-0.011660;-0.016509;-0.017662;-0.017845;-0.017875;-0.017881; 0.186914
-0.000289;-0.004683;-0.009579;-0.010527;-0.010022;-0.009674;-0.009535;-0.009487; 0.148844
 0.000092; 0.000403;-0.003858;-0.008349;-0.010467;-0.011263;-0.011537;-0.011628;-0.071930
-0.000038;-0.000501;-0.003650;-0.006403;-0.006959;-0.006991;-0.006978;-0.006971; 0.059457
-0.000371;-0.005642;-0.010479;-0.011296;-0.010787;-0.010448;-0.010313;-0.010267; 0.189343
-0.000214;-0.002605;-0.005186;-0.006037;-0.005634;-0.005323;-0.005197;-0.005152; 0.181223
-0.000154;-0.002687;-0.000055; 0.005723; 0.008381; 0.009301; 0.009605; 0.009704; 0.037307
-0.000107;-0.002621;-0.012376;-0.021881;-0.026116;-0.027619;-0.028122;-0.028288; 0.068651
-0.000225;-0.002718;-0.002409;-0.000609; 0.000270; 0.000577; 0.000678; 0.000711; 0.167917
 0.000098; 0.000618; 0.004407; 0.008956; 0.010475; 0.010872; 0.010984; 0.011019;-0.160984
-0.000107;-0.002621;-0.012376;-0.021881;-0.026116;-0.027619;-0.028122;-0.028288; 0.068651
-0.000289;-0.004456;-0.006481;-0.004900;-0.003700;-0.003213;-0.003043;-0.002987; 0.153869
 0.000279; 0.003498; 0.005551; 0.004951; 0.003889; 0.003368; 0.003175; 0.003110;-0.198451
-0.000081;-0.001080;-0.003464;-0.005781;-0.006706;-0.007003;-0.007098;-0.007129; 0.053646
-0.000289;-0.004683;-0.009579;-0.010527;-0.010022;-0.009674;-0.009535;-0.009487; 0.148844
 0.000385; 0.005283; 0.007130; 0.005330; 0.003967; 0.003400; 0.003200; 0.003133;-0.255286
-0.000000;-0.001112; 0.000550; 0.003227; 0.003707; 0.003696; 0.003667; 0.003654;-0.112479
 0.000279; 0.003498; 0.005551; 0.004951; 0.003889; 0.003368; 0.003175; 0.003110;-0.198451
 0.000299; 0.004115; 0.007568; 0.007768; 0.006951; 0.006497; 0.006324; 0.006265;-0.203885
-0.000148;-0.001854;-0.004535;-0.006262;-0.006694;-0.006790;-0.006815;-0.006823; 0.140993
 0.000043; 0.000335;-0.000009; 0.000698; 0.001314; 0.001565; 0.001653; 0.001682;-0.035148
-0.000068;-0.000460; 0.000086;-0.000546;-0.001349;-0.001736;-0.001879;-0.001928; 0.062707
-0.000025;-0.000085; 0.002539; 0.003836; 0.003534; 0.003241; 0.003118; 0.003074;-0.001054
 0.000175; 0.003242; 0.002656;-0.001132;-0.002827;-0.003372;-0.003545;-0.003601;-0.044084
 0.000109; 0.002245; 0.006742; 0.009167; 0.009721; 0.009834; 0.009861; 0.009869;-0.060578
 0.000002; 0.000520;-0.000443;-0.001484;-0.001561;-0.001510;-0.001483;-0.001473; 0.047967
 0.000227; 0.003129; 0.002729;-0.000217;-0.001776;-0.002354;-0.002550;-0.002614;-0.144347
-0.000103;-0.001951;-0.005106;-0.006512;-0.006517;-0.006391;-0.006331;-0.006309; 0.029253
-0.000086;-0.001043;-0.002482;-0.001247; 0.000483; 0.001315; 0.001621; 0.001725; 0.086923
-0.000203;-0.002064;-0.002210; 0.000246; 0.002438; 0.003426; 0.003784; 0.003905; 0.194559
 0.000265; 0.003700; 0.007552; 0.010322; 0.011268; 0.011514; 0.011583; 0.011604;-0.168236
-0.000313;-0.004401;-0.007822;-0.008640;-0.008260;-0.007956;-0.007831;-0.007786; 0.203729
 0.000415; 0.006260; 0.015148; 0.021533; 0.024004; 0.024823; 0.025091; 0.025179;-0.262946
-0.000275;-0.004041;-0.009563;-0.012795;-0.013414;-0.013447;-0.013432;-0.013424; 0.185808
-0.000135;-0.001128;-0.004503;-0.009757;-0.012210;-0.013047;-0.013321;-0.013410; 0.137235
-0.000023; 0.000245;-0.000556;-0.000256; 0.000815; 0.001380; 0.001594; 0.001667; 0.074571
 0.000024;-0.000100;-0.002627;-0.004081;-0.004152;-0.004060;-0.004013;-0.003995;-0.013897
 0.000327; 0.004566; 0.009121; 0.011940; 0.012862; 0.013117; 0.013192; 0.013215;-0.231834
 0.000321; 0.004768; 0.011553; 0.014604; 0.014748; 0.014570; 0.014480; 0.014447;-0.205781
-0.000128;-0.000803;-0.001091; 0.000431; 0.002280; 0.003174; 0.003505; 0.003618; 0.169553
-0.000289;-0.004456;-0.006481;-0.004900;-0.003700;-0.003213;-0.003043;-0.002987; 0.153869
 0.000203; 0.002132; 0.003397; 0.003565; 0.003018; 0.002687; 0.002557; 0.002512;-0.166491
-0.000028;-0.000328;-0.001603;-0.003434;-0.004384;-0.004741;-0.004863;-0.004903; 0.030482
 0.000185; 0.002554; 0.007646; 0.011627; 0.013012; 0.013439; 0.013574; 0.013618;-0.162067
 0.000061; 0.001903; 0.003221; 0.002454; 0.002033; 0.001894; 0.001850; 0.001836; 0.052613
-0.000069;-0.000277; 0.005685; 0.013370; 0.017159; 0.018560; 0.019036; 0.019194; 0.015981
 0.000102; 0.000832;-0.000084;-0.000898;-0.001181;-0.001278;-0.001312;-0.001323;-0.099980
-0.000067;-0.001063;-0.001045;-0.000703;-0.000854;-0.000984;-0.001039;-0.001058; 0.007128
-0.000128;-0.001884;-0.004894;-0.007179;-0.007806;-0.007931;-0.007958;-0.007966; 0.087425
-0.000203;-0.002064;-0.002210; 0.000246; 0.002438; 0.003426; 0.003784; 0.003905; 0.194559
 0.000239; 0.003468; 0.010336; 0.014961; 0.015841; 0.015888; 0.015867; 0.015856;-0.194063
-0.000146;-0.002506;-0.005389;-0.005193;-0.004146;-0.003596;-0.003387;-0.003316; 0.076476
-0.000002;-0.000245; 0.002621; 0.006491; 0.008226; 0.008839; 0.009043; 0.009111;-0.053976
 0.000122; 0.000808; 0.000814; 0.000812; 0.000659; 0.000579; 0.000550; 0.000540;-0.159473
 0.000066; 0.001374; 0.003113; 0.005364; 0.006904; 0.007552; 0.007782; 0.007859; 0.003210
-0.000018;-0.000453; 0.001514; 0.005392; 0.007270; 0.007922; 0.008137; 0.008207;-0.019608
 0.000097; 0.001689; 0.002721; 0.002287; 0.001820; 0.001607; 0.001529; 0.001502;-0.038105
 0.000120; 0.002334; 0.010297; 0.018134; 0.021435; 0.022551; 0.022917; 0.023037;-0.082040
-0.000029;-0.001712;-0.006450;-0.012163;-0.015589;-0.016972;-0.017456;-0.017618;-0.041404
 0.000218; 0.002995; 0.004885; 0.007240; 0.009166; 0.010049; 0.010373; 0.010483;-0.147566
-0.000024;-0.000146;-0.002766;-0.006152;-0.007663;-0.008190;-0.008364;-0.008421; 0.047166
 0.000066; 0.001374; 0.003113; 0.005364; 0.006904; 0.007552; 0.007782; 0.007859; 0.003210
 0.000050; 0.001337; 0.008377; 0.015847; 0.019029; 0.020105; 0.020457; 0.020572;-0.008365
-0.000410;-0.006869;-0.014022;-0.015622;-0.015400;-0.015188;-0.015101;-0.015070; 0.214019
 0.000080; 0.001183; 0.001125;-0.000314;-0.001159;-0.001473;-0.001579;-0.001614;-0.025117
-0.000106;-0.000608;-0.003130;-0.007408;-0.009469;-0.010200;-0.010443;-0.010523; 0.150398
 0.000227; 0.003129; 0.002729;-0.000217;-0.001776;-0.002354;-0.002550;-0.002614;-0.144347
 0.000139; 0.001435; 0.003220; 0.004333; 0.004223; 0.004044; 0.003964; 0.003936;-0.134251
 0.000024;-0.000100;-0.002627;-0.004081;-0.004152;-0.004060;-0.004013;-0.003995;-0.013897
-0.000270;-0.003397;-0.001649; 0.002304; 0.004003; 0.004554; 0.004730; 0.004786; 0.160726
 0.000310; 0.003989; 0.008436; 0.010814; 0.010977; 0.010835; 0.010760; 0.010732;-0.237334
-0.000318;-0.004137;-0.007918;-0.009479;-0.009636;-0.009588;-0.009559;-0.009548; 0.253623
 0.000140; 0.002491; 0.007536; 0.011717; 0.013092; 0.013426; 0.013514; 0.013540;-0.073121
 0.000081; 0.000575; 0.000577; 0.000184;-0.000126;-0.000247;-0.000288;-0.000301;-0.118305
-0.000078;-0.000445;-0.003335;-0.007666;-0.009509;-0.010099;-0.010286;-0.010347; 0.100434
 0.000216; 0.001818;-0.001384;-0.006440;-0.009220;-0.010301;-0.010674;-0.010799;-0.186770
-0.000290;-0.003579;-0.007437;-0.009595;-0.009955;-0.009954;-0.009936;-0.009928; 0.215138
-0.000457;-0.007050;-0.015009;-0.020058;-0.022184;-0.022938;-0.023192;-0.023275; 0.245039
-0.000003;-0.000381; 0.000505; 0.002716; 0.004122; 0.004720; 0.004935; 0.005007;-0.046755
-0.000416;-0.005557;-0.013436;-0.018991;-0.020581;-0.020945;-0.021039;-0.021067; 0.329380
 0.000021; 0.001164; 0.000914; 0.000089; 0.000297; 0.000518; 0.000613; 0.000647; 0.065699
-0.000102;-0.001953;-0.009300;-0.017323;-0.020910;-0.022147;-0.022554;-0.022687; 0.070765
-0.000044; 0.000194; 0.002681; 0.005372; 0.006897; 0.007512; 0.007729; 0.007802; 0.075919
 0.000189; 0.002895; 0.008632; 0.014040; 0.016332; 0.017102; 0.017353; 0.017435;-0.124556
 0.000272; 0.003779; 0.008746; 0.011776; 0.012425; 0.012497; 0.012499; 0.012497;-0.161958
 0.000432; 0.005488; 0.008335; 0.010106; 0.011193; 0.011644; 0.011805; 0.011859;-0.266735
-0.000029;-0.001712;-0.006450;-0.012163;-0.015589;-0.016972;-0.017456;-0.017618;-0.041404
 0.000098; 0.000618; 0.004407; 0.008956; 0.010475; 0.010872; 0.010984; 0.011019;-0.160984
 0.000322; 0.004911; 0.011895; 0.016441; 0.017939; 0.018372; 0.018504; 0.018546;-0.199177
 0.000230; 0.003081; 0.003204; 0.000401;-0.001291;-0.001940;-0.002161;-0.002235;-0.152319
-0.000250;-0.002239;-0.000598; 0.002755; 0.004999; 0.005955; 0.006297; 0.006412; 0.226085
-0.000148;-0.001854;-0.004535;-0.006262;-0.006694;-0.006790;-0.006815;-0.006823; 0.140993
 0.000448; 0.006474; 0.011913; 0.013541; 0.013884; 0.013979; 0.014010; 0.014020;-0.279657
 0.000448; 0.006474; 0.011913; 0.013541; 0.013884; 0.013979; 0.014010; 0.014020;-0.279657
-0.000022;-0.000895; 0.002681; 0.009300; 0.012487; 0.013608; 0.013979; 0.014101;-0.048147
 0.000321; 0.004768; 0.011553; 0.014604; 0.014748; 0.014570; 0.014480; 0.014447;-0.205781
 0.000245; 0.003314; 0.005959; 0.005484; 0.004358; 0.003797; 0.003588; 0.003517;-0.179742
 0.000090; 0.001993; 0.007014; 0.010540; 0.011616; 0.011899; 0.011981; 0.012006;-0.029958
 0.000311; 0.004458; 0.007348; 0.006359; 0.005016; 0.004381; 0.004147; 0.004068;-0.174435
 0.000218; 0.002995; 0.004885; 0.007240; 0.009166; 0.010049; 0.010373; 0.010483;-0.147566
-0.000031;-0.001330;-0.000939; 0.000851; 0.001347; 0.001429; 0.001443; 0.001446;-0.051527
 0.000284; 0.004454; 0.007685; 0.008482; 0.008567; 0.008537; 0.008518; 0.008511;-0.153119
 0.000238; 0.003302; 0.006011; 0.005939; 0.005283; 0.004956; 0.004834; 0.004793;-0.176411
 0.000142; 0.000683;-0.002246;-0.006543;-0.009414;-0.010643;-0.011084;-0.011232;-0.162014
 0.000225; 0.002030; 0.001907; 0.001498; 0.001192; 0.001054; 0.001004; 0.000987;-0.216536
 0.000041; 0.000023; 0.002014; 0.005563; 0.007266; 0.007865; 0.008064; 0.008129;-0.096776
-0.000168;-0.002361;-0.005437;-0.007097;-0.007363;-0.007362;-0.007349;-0.007343; 0.138807
 0.000009;-0.000830;-0.004433;-0.007107;-0.008286;-0.008722;-0.008871;-0.008920;-0.024581
-0.000244;-0.003234;-0.002753; 0.000074; 0.001660; 0.002273; 0.002485; 0.002555; 0.144574
 0.000277; 0.003439; 0.004958; 0.005153; 0.005165; 0.005167; 0.005168; 0.005168;-0.211003
 0.000054; 0.001727; 0.000765;-0.001907;-0.002897;-0.003194;-0.003286;-0.003316; 0.036543
 0.000168; 0.002982; 0.002631;-0.001523;-0.003635;-0.004357;-0.004592;-0.004668;-0.042643
 0.000299; 0.004213; 0.008546; 0.010330; 0.010313; 0.010134; 0.010049; 0.010019;-0.187649
-0.000055;-0.001407;-0.005411;-0.007503;-0.007632;-0.007516;-0.007456;-0.007433; 0.036444
-0.000069;-0.000277; 0.005685; 0.013370; 0.017159; 0.018560; 0.019036; 0.019194; 0.015981
-0.000138;-0.000819;-0.001487;-0.003383;-0.004144;-0.004352;-0.004411;-0.004429; 0.177126
-0.000291;-0.004214;-0.010105;-0.012115;-0.011664;-0.011251;-0.011080;-0.011019; 0.224385
-0.000410;-0.006869;-0.014022;-0.015622;-0.015400;-0.015188;-0.015101;-0.015070; 0.214019
-0.000336;-0.003964;-0.005742;-0.004100;-0.002266;-0.001407;-0.001093;-0.000986; 0.260457
 0.000068; 0.000003;-0.001872;-0.003114;-0.003642;-0.003834;-0.003898;-0.003920;-0.086525
 0.000071; 0.001132;-0.000267;-0.002475;-0.003270;-0.003507;-0.003581;-0.003605;-0.019524
-0.000378;-0.004718;-0.007729;-0.007532;-0.006362;-0.005717;-0.005470;-0.005384; 0.280447
 0.000045; 0.000683; 0.001359; 0.002244; 0.002831; 0.003075; 0.003162; 0.003191;-0.023473
 0.000263; 0.003628; 0.005710; 0.005062; 0.004245; 0.003872; 0.003736; 0.003690;-0.181813
 0.000024;-0.000100;-0.002627;-0.004081;-0.004152;-0.004060;-0.004013;-0.003995;-0.013897
-0.000081;-0.001080;-0.003464;-0.005781;-0.006706;-0.007003;-0.007098;-0.007129; 0.053646
 0.000050; 0.000125;-0.001390;-0.002352;-0.002398;-0.002328;-0.002293;-0.002280;-0.046688
 0.000139; 0.001435; 0.003220; 0.004333; 0.004223; 0.004044; 0.003964; 0.003936;-0.134251
-0.000412;-0.006450;-0.014170;-0.019381;-0.021737;-0.022610;-0.022909;-0.023008; 0.240365
 0.000003; 0.000027;-0.000641;-0.000288; 0.000430; 0.000796; 0.000933; 0.000980; 0.001459
-0.000215;-0.002292;-0.006051;-0.008259;-0.008081;-0.007753;-0.007606;-0.007554; 0.210044
-0.000156;-0.001952;-0.003360;-0.004607;-0.005334;-0.005636;-0.005743;-0.005780; 0.109172
-0.000150;-0.001536;-0.002310;-0.002416;-0.002080;-0.001879;-0.001801;-0.001774; 0.146257
 0.000363; 0.006201; 0.018052; 0.025876; 0.027846; 0.028216; 0.028293; 0.028313;-0.237489
-0.000195;-0.001541;-0.001317;-0.000401; 0.000604; 0.001101; 0.001287; 0.001351; 0.202205
 0.000071; 0.001132;-0.000267;-0.002475;-0.003270;-0.003507;-0.003581;-0.003605;-0.019524
 0.000034; 0.000913; 0.000520;-0.000998;-0.001555;-0.001690;-0.001725;-0.001735;-0.000331
 0.000267; 0.002852; 0.005879; 0.008548; 0.009224; 0.009315; 0.009323; 0.009323;-0.235445
 0.000168; 0.002982; 0.002631;-0.001523;-0.003635;-0.004357;-0.004592;-0.004668;-0.042643
-0.000152;-0.002228;-0.005682;-0.007758;-0.008095;-0.008085;-0.008064;-0.008055; 0.096823
-0.000309;-0.005057;-0.006650;-0.004764;-0.003848;-0.003548;-0.003452;-0.003420; 0.112991
-0.000250;-0.002239;-0.000598; 0.002755; 0.004999; 0.005955; 0.006297; 0.006412; 0.226085
 0.000185; 0.002299; 0.002312;-0.000183;-0.002358;-0.003365;-0.003735;-0.003861;-0.098939
 0.000106; 0.001405; 0.004432; 0.006127; 0.006287; 0.006238; 0.006208; 0.006197;-0.117897
 0.000097; 0.001289; 0.004437; 0.007836; 0.009231; 0.009678; 0.009821; 0.009867;-0.075464
 0.000117; 0.001421;-0.002456;-0.008457;-0.011232;-0.012198;-0.012518;-0.012622;-0.026197
 0.000048;-0.000268; 0.000542; 0.001137; 0.000633; 0.000285; 0.000145; 0.000096;-0.111459
 0.000031; 0.001452; 0.003325; 0.003892; 0.004343; 0.004578; 0.004668; 0.004700; 0.058775
 0.000125; 0.001655; 0.001974; 0.000318;-0.000714;-0.001087;-0.001210;-0.001250;-0.078342
 0.000277; 0.003439; 0.004958; 0.005153; 0.005165; 0.005167; 0.005168; 0.005168;-0.211003
 0.000236; 0.003365; 0.009820; 0.015593; 0.017844; 0.018555; 0.018780; 0.018853;-0.196335
-0.000128;-0.001884;-0.004894;-0.007179;-0.007806;-0.007931;-0.007958;-0.007966; 0.087425
 0.000385; 0.005283; 0.007130; 0.005330; 0.003967; 0.003400; 0.003200; 0.003133;-0.255286
 0.000101; 0.002237; 0.005401; 0.005663; 0.004984; 0.004596; 0.004446; 0.004395;-0.027461
-0.000100;-0.001531;-0.004055;-0.006948;-0.008458;-0.009027;-0.009222;-0.009287; 0.062567
 0.000122; 0.001225; 0.003132; 0.004544; 0.004692; 0.004638; 0.004606; 0.004594;-0.098029
 0.000448; 0.006474; 0.011913; 0.013541; 0.013884; 0.013979; 0.014010; 0.014020;-0.279657
 0.000106; 0.001405; 0.004432; 0.006127; 0.006287; 0.006238; 0.006208; 0.006197;-0.117897
 0.000090; 0.000964;-0.001777;-0.005486;-0.007266;-0.007926;-0.008151;-0.008226;-0.046351
 0.000385; 0.005283; 0.007130; 0.005330; 0.003967; 0.003400; 0.003200; 0.003133;-0.255286
 0.000122; 0.001225; 0.003132; 0.004544; 0.004692; 0.004638; 0.004606; 0.004594;-0.098029
-0.000203;-0.002064;-0.002210; 0.000246; 0.002438; 0.003426; 0.003784; 0.003905; 0.194559
-0.000058;-0.000723; 0.003289; 0.008904; 0.011514; 0.012451; 0.012766; 0.012870; 0.007509
 0.000235; 0.002863; 0.001037;-0.003410;-0.005706;-0.006551;-0.006837;-0.006931;-0.118575
-0.000030; 0.000087;-0.001529;-0.004900;-0.006745;-0.007453;-0.007697;-0.007779; 0.073796
 0.000072; 0.002061; 0.007776; 0.014158; 0.017621; 0.018967; 0.019433; 0.019588; 0.009182
