0.05291;16.09847;16.07705;-0.082918;0.152054;0.450669
16.20575;2.63304;2.61480;0.525448;0.845542;0.100523
2.67774;2.65880;16.09933;-0.628291;-0.227432;0.851837
2.76105;16.14455;2.62478;-0.527905;1.136677;0.172535
3.95613;1.47296;3.97344;0.739493;-0.964536;-0.577563
1.30352;1.23832;1.27208;0.595718;0.156124;-0.127450
1.26863;3.99268;4.14844;-0.353676;0.407578;-1.804302
4.04328;3.96528;1.19683;-0.204436;0.424351;1.082580
0.05291;0.03278;5.37697;0.369625;0.438342;0.343232
16.21886;2.67915;8.06738;-0.120872;1.004310;-0.049214
2.71656;2.77494;5.32945;0.336670;0.217883;1.835933
2.69157;0.04122;8.09002;0.093700;0.679682;0.869009
4.08929;1.30292;9.50417;-1.001748;-0.111053;0.223571
1.43266;1.44146;6.80925;-0.189765;-0.321460;-1.303552
1.19900;4.10152;9.48835;0.414746;-0.385535;-0.792016
4.09103;4.19013;6.79341;-0.914115;-0.888031;-0.074465
0.01818;0.03088;10.81700;-0.874081;0.020799;0.216361
16.16997;2.75365;13.52517;0.528509;0.025563;0.530144
2.63148;2.77163;10.69848;0.421834;-0.448368;0.332714
2.65322;0.13244;13.40195;-0.269468;-0.201194;-0.047541
4.01722;1.37641;14.80843;0.987461;-0.340604;-0.463699
1.18849;1.55727;12.09854;1.341851;-1.107598;-0.153328
1.34566;4.04198;14.80415;-0.212864;0.570513;0.429789
3.97960;4.13084;12.02719;0.537491;-0.175200;-0.088491
16.11847;5.40266;16.14515;0.811192;-0.372553;1.103551
16.13627;7.96211;2.72860;-0.351622;0.553540;0.753692
2.69811;8.11455;0.01734;-0.290271;-1.313112;-0.070515
2.60649;5.29421;2.62072;0.548587;-0.136756;0.491763
3.98636;6.76517;3.94550;0.408665;-0.536591;-0.140961
1.28779;6.76724;1.43713;0.292952;-0.749303;-1.664179
1.23798;9.48308;3.92287;0.313693;-1.036148;0.223546
4.07470;9.34848;1.30332;0.274013;1.550126;0.960190
16.12308;5.36690;5.38732;0.461963;-0.307316;0.942937
0.01576;8.06073;8.07783;-0.445618;0.436025;-0.539120
2.63103;8.10899;5.22778;0.059230;0.424283;0.253136
2.50093;5.41563;8.11391;0.997124;0.088426;-0.632923
3.84716;6.81689;9.43054;0.626169;0.334963;0.232197
1.34337;6.78190;6.60761;-0.530615;-0.270479;0.572914
1.26834;9.57078;9.35174;0.440404;-0.379794;0.373927
3.94608;9.50180;6.60616;0.605474;-0.345778;0.238609
0.06265;5.51557;10.83750;-0.778483;-0.411623;0.701001
0.06199;8.19411;13.53554;-0.736508;0.526576;0.350150
2.55548;8.19630;10.82054;0.635814;0.684559;-0.363297
2.65025;5.37854;13.40429;0.161090;0.911711;0.726862
4.06420;6.74788;14.84224;-0.719807;0.228622;-0.265407
1.28285;6.89092;12.20363;0.974183;-0.872395;-0.225008
1.38855;9.46936;14.96085;0.239963;0.412994;-0.748406
4.02171;9.54727;12.15014;0.512151;0.348676;-0.802025
0.07109;10.82119;0.04102;-0.216711;-0.008032;0.027354
16.16917;13.57432;2.76780;0.824951;-0.740458;-1.494847
2.82055;13.59581;0.02824;-0.034467;-0.086906;-0.101035
2.70090;10.77205;2.74391;0.951036;0.515207;-0.796452
4.09707;12.22140;4.12690;-0.887695;-0.361080;-0.126163
1.48439;12.15478;1.27128;-0.661822;0.609054;1.352036
1.35016;14.90075;3.99359;0.237547;0.133939;0.486752
4.19776;14.90383;1.36148;0.059009;0.320507;-0.603275
0.07174;10.73590;5.38433;-0.973627;0.884554;0.198891
0.03631;13.60218;8.02314;0.137581;-0.240118;0.385076
2.67566;13.64203;5.45427;0.620904;-0.425201;-0.479933
2.72279;10.87058;8.02218;0.006561;-0.127356;0.428020
4.11198;12.18240;9.39946;0.704666;0.094293;-0.520066
1.40069;12.16674;6.66647;-0.598364;0.423969;0.463251
1.32346;15.01825;9.43377;0.804869;-1.643101;0.150805
4.02619;15.00567;6.82397;0.673045;-0.965763;-0.775531
0.01120;10.93230;10.76632;0.252630;-0.377565;0.386111
0.06541;13.49933;13.58446;-0.154346;-0.353210;-0.845143
2.82670;13.49555;10.75158;-1.400151;0.796281;0.243754
2.76874;10.86204;13.58230;-0.370517;0.151641;0.230187
4.14427;12.27572;14.92227;0.009621;-0.385626;-0.796999
1.39756;12.16761;12.15831;0.402360;0.270300;0.131336
1.51844;14.81075;14.78170;-0.285421;0.785476;0.110132
4.02454;14.95859;12.13066;-0.198284;-0.686355;0.189392
5.52229;0.03506;16.12623;-0.468560;-0.468749;-0.166200
5.46669;2.76553;2.69528;-0.756127;-0.367614;-0.676364
8.23333;2.63895;16.19798;-0.904118;-0.144758;-1.263518
8.00957;0.07336;2.63864;0.959488;-0.398404;0.330502
9.43990;1.24056;4.09704;-0.390580;0.317829;-0.306738
6.79647;1.42787;1.27886;-0.540351;0.053373;-0.000667
6.75872;4.03552;4.09264;0.955921;0.419821;0.192632
9.37109;3.99299;1.31121;1.757768;0.785195;0.860958
5.28738;0.06290;5.33172;-0.401868;-0.059744;-0.152101
5.29858;2.66738;8.17924;0.548200;0.643355;-1.126547
8.16432;2.65307;5.47547;-1.397254;-0.621462;-0.312595
8.07598;0.02106;8.07413;-0.091475;0.412826;0.389384
9.43088;1.47188;9.42541;-0.793744;-0.246914;-0.012054
6.59183;1.25585;6.74197;1.037723;1.319518;0.458489
6.62666;4.16559;9.36437;-0.000513;-0.247646;1.169600
9.40509;3.99310;6.82097;0.224593;0.536386;0.079173
5.42004;16.11954;10.80007;0.551822;0.862922;-0.143401
5.35048;2.77471;13.39098;-0.152753;-0.139280;0.690849
7.98573;2.79003;10.78178;0.011972;-0.047425;-0.212549
8.10151;16.20122;13.40256;0.469294;-0.704712;0.697000
9.51898;1.17815;14.86553;-0.417679;0.193156;0.008905
6.69244;1.33747;12.15423;0.229091;0.144169;-0.586660
6.79646;4.01764;14.81950;-0.836548;-0.318310;0.930372
9.36335;4.02566;12.23055;0.309968;0.411034;-0.063823
5.35915;5.42895;16.22765;0.536900;-0.674491;-0.601216
5.46734;8.14683;2.72257;-0.854884;-0.234056;0.050914
7.99784;8.11891;0.12903;0.123230;-0.239246;-0.622673
8.20120;5.40534;2.73537;-1.213150;0.013056;-0.073764
9.47902;6.76056;4.15832;-0.675321;-0.106393;-0.188335
6.64135;6.72136;1.41602;1.208391;-0.449468;0.127701
6.82566;9.46433;4.02687;0.116888;0.230358;0.142592
9.36237;9.48798;1.39512;0.332198;0.015645;0.575414
5.40001;5.46519;5.36155;0.051918;0.328165;0.312492
5.28384;8.20073;8.09603;-0.639683;-0.513141;-0.205815
8.05876;8.11057;5.46617;0.357488;0.157092;0.229333
8.07444;5.41462;8.10064;-0.244463;-0.209846;-0.178140
9.31409;6.66508;9.56737;0.118403;0.188049;0.110315
6.69432;6.81308;6.84914;-0.163142;-0.152422;-0.752754
6.76953;9.38545;9.39508;-0.089550;0.984983;0.419881
9.43129;9.44925;6.87282;0.237545;-0.939027;-0.062483
5.36252;5.62436;10.83690;-0.589914;-0.998545;-0.958540
5.33724;8.29415;13.58681;0.317433;-0.768956;-0.041493
8.06237;8.12469;10.85496;0.022535;-0.311396;0.599570
8.01984;5.44883;13.58964;1.128940;-0.093195;-0.168549
9.41202;6.72545;15.02148;0.538087;0.107730;-0.232721
6.66730;6.78057;12.30698;0.249901;1.328015;-0.304770
6.75772;9.56049;14.96938;-0.161742;-0.069259;0.207666
9.60003;9.32701;12.22560;0.128887;0.882710;-0.250164
5.40120;10.93910;0.12408;0.290127;-0.485734;-0.356945
5.39078;13.57555;2.79922;0.593442;-0.244689;-0.648846
8.20873;13.58001;0.01704;0.418832;-0.139773;-0.119093
8.15126;10.94464;2.79875;-0.561873;-0.434030;-1.011300
9.49056;12.19230;4.12507;1.284615;-0.353525;0.571266
6.81886;12.33529;1.36221;-0.294817;-0.645323;0.892783
6.71964;14.99660;4.03290;-0.088313;-0.396155;0.143357
9.55424;14.94486;1.44324;-0.435629;-0.319670;-0.359946
5.45124;10.77185;5.33496;-0.045630;0.628149;0.713719
5.51070;13.64248;8.09238;-0.733735;-0.574074;-0.120499
8.10070;13.58479;5.30942;-0.574866;-0.231455;-0.006498
8.08861;10.86379;8.13306;0.453253;0.206977;0.171210
9.58927;12.13395;9.54892;-0.424064;-0.501109;-0.584993
6.79667;12.25216;6.69780;-0.392376;-0.552582;0.079673
6.88042;14.85699;9.50429;0.404059;-0.229039;0.234358
9.30656;14.88952;6.69139;1.470121;-0.160535;0.781676
5.59012;10.94308;10.72712;-1.537873;-1.595700;-0.135136
5.44036;13.53780;13.35601;-0.689973;-0.106918;0.935803
8.31538;13.46898;10.86478;-0.813357;0.589621;0.338036
8.23676;10.72693;13.59900;-0.823122;0.124828;-1.108406
9.50036;12.12290;14.87712;0.113108;1.122599;0.089076
6.80316;12.16893;12.13788;1.637827;-0.057959;0.668688
6.81077;14.70987;14.78603;0.142593;1.537323;0.042107
9.69196;14.83234;12.20923;-1.079349;1.232457;-0.909403
10.92902;16.15726;16.22695;-0.105356;0.053126;0.154015
10.70691;2.60274;2.73396;0.398142;0.658642;-0.172028
13.53407;2.71208;16.15128;-0.580785;-0.432090;0.358096
13.60048;0.00598;2.67730;-0.337066;-0.444991;-0.007498
14.96156;1.39102;4.03348;-0.674752;-0.664934;0.204538
12.13889;1.36733;1.35293;0.571595;-0.037034;-0.052153
12.11931;3.93579;4.14983;-0.198286;0.160796;-0.423404
14.72915;4.01134;1.39349;1.131433;0.384964;-0.655860
10.79701;16.12097;5.36207;0.039214;0.530488;0.955623
10.83831;2.71140;8.10391;-0.121652;0.585891;0.397011
13.58673;2.63716;5.48222;-1.057076;-0.371632;-0.958927
13.46739;0.06686;8.06732;0.872001;-0.256521;0.223402
14.93311;1.37802;9.38608;-1.156766;-0.351616;0.895887
12.09505;1.35939;6.76450;0.082944;-0.471005;-0.760820
12.03479;4.14474;9.53138;0.416149;-0.898809;0.531481
14.75839;4.02502;6.77951;1.012169;0.566057;0.840446
10.80098;0.20255;10.76653;1.140076;-1.001968;0.983415
10.74002;2.60589;13.52996;0.882691;0.759101;0.005505
13.55908;2.78085;10.84222;0.228019;0.130725;-0.610828
13.71842;0.00816;13.52931;-0.824015;-0.333355;-0.187654
14.97177;1.38070;14.86173;-0.264472;-0.455238;0.658175
12.35405;1.41989;12.26610;-1.236487;-0.388634;-0.675329
12.20563;4.07095;14.78782;-0.418615;0.017890;0.013587
14.97407;4.08034;12.20968;-0.796180;0.859694;-1.199813
10.92583;5.37192;0.08001;-0.665948;-0.068465;-0.163485
10.73201;8.10559;2.79920;0.091245;0.039815;-1.172298
13.61454;8.03813;0.01716;0.268256;-0.119644;0.123400
13.46131;5.35048;2.78023;-0.926597;-0.516079;-0.206379
14.74943;6.60460;4.12424;0.471645;1.135955;-0.411280
12.21540;6.81079;1.44428;-0.432740;-0.305328;-0.013222
12.13389;9.32879;4.08801;0.271127;0.017931;0.464056
14.97953;9.39254;1.34958;-0.447863;-0.037018;-0.140831
10.70872;5.33457;5.45044;0.963496;-0.225796;0.215303
10.73751;7.85018;8.22520;0.015065;1.728561;-0.388857
13.46447;8.00368;5.44578;0.109470;0.418457;0.188117
13.49352;5.34261;8.26819;0.056213;0.702172;-0.953884
14.90289;6.76369;9.51203;-0.032843;-0.045082;-0.604920
12.13360;6.67894;6.79008;0.055698;-0.643574;0.483611
12.07940;9.36943;9.54001;1.277594;-0.394626;-0.602129
14.82890;9.46847;6.72039;0.537721;-0.686824;0.107978
10.74624;5.49368;10.91901;-0.116652;-0.798167;0.252515
10.95822;7.97055;13.62620;-0.811864;0.306874;0.136509
13.67942;8.17226;10.85605;-1.198375;-0.040169;-0.689669
13.59400;5.46165;13.43894;-0.819369;-0.705714;-0.145006
14.91987;6.74881;14.73689;-0.245681;0.720923;0.705898
12.27118;6.81694;12.08801;-0.072504;-0.341266;0.572937
12.20642;9.37691;15.04609;-0.841794;0.454922;-0.241537
14.94178;9.53595;12.13593;0.445172;0.191878;0.646900
10.72334;10.84146;0.06655;1.199007;-0.642968;0.319121
10.87692;13.57719;2.81954;0.014023;-0.422872;-0.191904
13.58084;13.36050;16.20546;-1.201405;0.177620;0.285368
13.55681;10.54358;2.78830;0.208879;1.800612;-0.523668
14.91243;12.14488;4.03530;-0.699078;-0.926958;0.678124
12.17604;12.09690;1.48705;0.210246;-0.213086;-0.311700
12.27145;14.83865;4.19065;0.496362;-0.075764;-0.847787
14.87786;14.75120;1.21100;0.261763;1.092852;0.912669
10.90792;10.62314;5.53500;-0.688389;1.488563;-0.126398
10.75135;13.54988;8.14431;0.273864;0.558274;-0.161958
13.48736;13.34263;5.52703;0.624041;0.678315;0.105576
13.60548;10.71944;8.22106;-0.767310;0.225382;0.295616
14.94191;12.24880;9.45300;-0.512435;0.237868;-0.484446
12.13046;12.04922;6.98723;0.269657;0.150298;-0.789224
12.20889;14.97784;9.47582;-0.965154;-0.271346;-0.021191
14.91237;14.97313;6.74275;-0.867814;-0.748727;-0.415232
11.02499;10.87623;10.87535;-0.900557;-0.382286;1.025753
10.93857;13.56262;13.61014;-0.024767;-1.041339;-0.083018
13.54269;13.56257;10.80415;-0.142138;-0.286611;-0.243633
13.55784;10.64785;13.65232;0.290066;0.894127;-0.412907
14.94205;12.10849;14.88989;0.172451;-0.577253;-0.269428
12.38214;12.21371;12.31440;-0.654699;-0.478340;-0.258268
12.30690;14.87471;14.85116;0.537441;0.008236;0.734818
14.90482;14.78014;12.15694;0.932862;0.879998;0.209766
