16.14445;16.20055;0.04204;0.954749;0.413232;-0.016674
0.04784;2.67269;2.64552;0.197251;0.148813;-0.424082
2.72950;2.68986;16.07948;-0.754913;0.421355;1.207307
2.87393;16.16537;2.90416;-1.952507;-0.654272;-0.690597
4.03690;1.32553;4.23330;0.048553;0.270125;0.297437
1.41455;1.23308;1.38385;0.628045;0.207652;-0.106814
1.30592;4.08517;3.97117;1.804278;-1.385181;-0.808421
4.20402;3.96845;1.33203;-0.581905;-0.010583;-0.416120
16.12663;16.19124;5.40795;2.371135;1.047810;-0.601768
16.18863;2.71935;8.04888;0.088673;-0.006559;-0.056161
2.57359;2.67871;5.49233;0.265817;0.340790;-0.055361
2.77832;16.20408;8.16880;-0.942697;-0.791555;-0.227215
4.04893;1.35930;9.43687;-0.716886;0.452703;0.969820
1.29909;1.26867;6.88699;0.072686;-0.332429;-0.945721
1.34980;3.98826;9.37242;0.004987;0.635749;0.596655
4.08188;3.97460;6.83945;-0.386945;0.739460;0.014932
15.98658;0.06752;10.63799;1.166870;-0.935272;1.805586
16.09023;2.60136;13.41898;-0.269326;1.293619;0.143202
2.66837;2.70514;10.81358;-0.096014;-0.200792;0.165827
2.60321;16.20783;13.49520;-0.044289;0.365894;0.334092
4.10350;1.35785;14.84727;-0.741476;-0.911171;-0.126321
1.14781;1.30237;12.07595;1.271880;-0.048373;-0.530642
1.19380;4.02153;14.71684;1.383275;-0.081046;0.416137
4.07524;4.05737;12.20400;0.133294;-0.296030;-0.651343
0.09394;5.55395;16.09756;-0.867564;-0.370135;-0.850126
16.17265;8.11416;2.72537;0.474080;0.213505;-0.329143
2.88459;8.07410;16.13570;-0.799563;0.779047;0.573780
2.75712;5.35322;2.62147;-0.518233;0.260015;-0.695098
4.06896;6.70857;3.95351;0.829959;0.073629;0.232107
1.33420;6.86409;1.22987;1.085643;-0.127495;1.008182
1.46696;9.35539;4.07974;-0.417451;0.342859;-1.028554
4.14469;9.59344;1.34838;-0.476517;-1.233225;-0.773797
0.08917;5.37447;5.21009;-0.985976;1.567379;1.697120
16.22836;8.08514;8.01715;1.810235;-0.074397;0.311097
2.81391;8.06581;5.35390;0.575468;-0.002736;0.327262
2.71046;5.51732;8.19883;0.802824;-0.771273;-0.198910
4.06354;6.87035;9.67014;0.159378;-0.205603;-1.528714
1.49742;6.71515;6.63471;-1.168729;0.054787;0.625775
1.21677;9.47946;9.58482;0.940019;-0.498309;-0.965325
4.07430;9.49650;6.73831;0.430388;-0.446750;0.364422
16.09476;5.25768;10.70084;0.629468;0.918238;0.544965
16.14870;8.24799;13.52272;0.287707;0.241913;-0.952874
2.56658;7.98917;10.96578;-0.698469;1.092718;-0.527980
2.69829;5.39797;13.46300;-1.361751;-0.077397;-0.090397
4.09587;6.63276;14.78534;0.187328;0.647204;0.256028
1.10016;6.75726;12.22781;0.659293;-1.251140;-0.497899
1.38340;9.40715;14.80368;0.635054;0.091441;0.913396
3.87730;9.44222;12.16484;1.049073;0.109040;0.332671
0.05691;10.78167;16.16375;0.856475;-0.388205;1.149577
16.17612;13.56297;2.72662;1.909614;-0.629823;0.598037
2.77744;13.50924;0.04642;-0.201695;0.604698;-0.542220
2.81298;10.80230;2.77911;-0.975202;0.615772;-0.525126
4.12628;12.20585;4.08107;0.317241;-0.332160;0.047078
1.40805;12.24297;1.33913;-0.604822;-1.044837;0.823020
1.39519;14.68453;4.30006;0.080509;0.937618;-1.130461
4.09772;14.89585;1.37317;-0.600751;0.783931;-0.517081
0.16153;10.75267;5.36080;-0.580854;0.261578;0.104385
16.21895;13.47703;8.03107;0.342691;1.358529;0.080839
2.83436;13.32973;5.60003;-0.452576;0.979792;-1.159984
2.65584;10.78360;8.08161;0.099578;-0.699351;1.565710
3.91946;12.10490;9.61967;0.061411;-0.470322;-0.314037
1.40356;12.10490;6.76195;-0.993474;-0.189418;0.493423
1.25104;14.93358;9.58060;0.743882;-0.597150;-1.406630
4.09819;14.73147;6.84476;-0.031101;0.294707;0.903604
16.15244;10.95819;10.83292;0.915551;0.331627;0.467920
16.18037;13.55059;13.74113;-0.019618;-0.174424;-1.853476
2.64544;13.59220;10.92597;0.601322;0.703238;-0.542265
2.64357;10.87554;13.53967;-0.323166;0.363408;-0.500609
4.06013;12.08132;14.94152;0.298459;0.143926;-0.316676
1.26699;12.39662;12.20986;-0.137627;-1.684783;0.738263
1.28283;14.84737;14.91828;1.349583;0.745405;1.138823
4.08363;14.89338;12.28382;-0.527249;0.055543;-0.845660
5.43682;16.22434;16.21643;-0.556079;-0.553412;-0.497794
5.40670;2.50405;2.78945;0.297400;1.012539;-0.469966
8.11258;2.75271;16.12813;-0.575632;0.143517;0.472029
8.05756;0.05366;2.61623;0.859963;-0.846924;0.603448
9.38372;1.40006;4.09775;-0.037884;-1.028281;-0.347755
6.77531;1.34685;1.24733;-0.013071;0.597918;0.199613
6.78408;4.00573;4.05018;-0.253273;-0.445840;-0.538150
9.40886;4.04159;1.29234;-0.071364;-0.371346;1.066484
5.35210;16.12673;5.51567;0.356962;0.316436;-0.167551
5.44620;2.73503;8.32747;-0.386200;-0.026926;-1.457867
8.01475;2.60961;5.43462;-0.128487;0.855743;0.666096
8.13087;0.03262;8.06563;0.053433;-0.497010;0.865147
9.51646;1.42906;9.57192;-0.294279;-0.674095;-0.526958
6.61637;1.35343;6.87167;0.682802;-0.289540;-0.439949
6.79407;4.12645;9.46375;0.383040;0.458703;0.919966
9.41715;3.99308;6.79583;0.709723;-0.881687;-1.030940
5.28097;0.12643;10.88110;0.834173;-1.249985;-0.336525
5.43290;2.66112;13.54989;0.588842;1.029538;-0.480786
8.08442;2.76725;10.89168;0.818815;0.495620;-0.864335
8.03133;16.14211;13.54794;-0.176505;0.491771;0.220818
9.41015;1.34595;14.92170;0.451563;-0.718462;-0.581950
6.77317;1.39911;12.10485;-0.164955;-0.767333;1.194745
6.86029;4.19855;14.77698;-0.250482;-1.504207;-0.139268
9.59961;4.08605;12.10688;0.417953;-0.130800;0.377282
5.51302;5.41110;16.11759;-0.296418;0.203204;1.302602
5.42631;8.16356;2.60951;0.071261;-0.069099;0.804907
8.27018;8.24362;16.20533;-0.264806;-1.151794;-0.264573
7.95504;5.41095;2.59859;0.997717;-0.247883;0.192826
9.41420;6.61385;4.01938;0.154826;0.952103;-0.414006
6.80500;6.88824;1.26354;-0.217876;-0.163903;-0.655402
6.81504;9.53832;3.99099;-0.586889;-1.398214;1.398973
9.50716;9.51080;1.45634;-0.422801;0.494852;-0.508840
5.45502;5.32263;5.37002;-1.350932;-0.142592;-0.129861
5.50814;8.12654;8.13712;-0.967007;-0.221117;0.038846
8.13676;8.01783;5.41215;-0.009483;0.994368;-0.135524
8.20532;5.34871;8.07749;-1.122423;1.245753;0.349830
9.43215;6.84135;9.43969;0.591589;-0.349273;-0.670910
6.69606;6.66527;6.70455;1.032875;0.492043;0.865460
6.83767;9.44226;9.53274;-0.249393;-0.480905;-0.056582
9.51484;9.58208;6.78364;-1.037624;-0.872333;-0.207266
5.45258;5.49402;10.87856;0.066938;-0.859275;0.055552
5.38252;8.12560;13.49640;0.253000;-0.096463;-0.110674
8.21373;8.10185;10.86091;-0.655058;0.303169;0.462715
8.27608;5.42919;13.48125;-0.501622;-0.569051;-0.807109
9.51998;6.68411;14.81101;0.524270;1.319008;1.304020
6.85789;6.73910;12.23745;-0.341797;0.766982;-0.365228
6.89710;9.45763;14.77037;0.010746;-0.675508;-0.169804
9.59547;9.44528;12.19548;0.114972;-0.797654;-0.133408
5.54347;10.66072;16.11542;-0.457290;1.454663;0.777919
5.36051;13.63086;2.68460;0.167411;-1.966635;-0.132576
7.97669;13.44078;16.21969;1.219489;-0.155582;-0.191664
8.11401;10.86365;2.75756;0.884167;0.382564;-0.286852
9.48504;12.21101;4.12797;0.283739;0.070079;-0.622764
6.68275;12.08075;1.42723;0.065176;0.570848;-0.641391
6.65380;14.88919;3.97245;1.309867;0.900160;1.048166
9.49020;14.80291;1.34909;-0.948532;0.943584;-0.613434
5.48623;10.86790;5.47751;0.051027;-0.104726;-0.577599
5.34246;13.33791;8.30492;-0.421698;0.902689;-0.653847
8.01702;13.48322;5.37763;0.221390;0.782907;-0.082624
8.03836;10.81119;8.18218;1.232323;0.705273;-0.533578
9.43969;12.25766;9.46368;-0.387890;-0.359817;0.518254
6.75673;12.26250;6.86647;-0.088975;-0.998529;-0.098914
6.57799;14.89718;9.40050;0.946759;0.851945;1.052652
9.47064;14.73579;6.75369;-1.299136;0.721232;0.277810
5.40376;10.68819;10.81916;-0.978905;0.188770;0.409378
5.36864;13.38485;13.45149;-0.889091;-0.616435;0.267948
7.90567;13.52001;10.84779;0.846776;0.245248;-0.233671
8.29884;10.77482;13.48603;-0.847606;0.508518;0.070846
9.63398;12.10935;14.82075;-1.171047;1.288633;0.216425
6.71817;12.00658;12.21428;0.672263;0.151035;-0.441287
6.54571;14.69045;14.80546;1.659774;1.324622;0.846374
9.40611;14.85930;12.21053;-0.066870;-0.401094;-0.508999
10.87241;0.05824;0.05192;-0.512826;-0.945444;-0.507776
10.77487;2.69665;2.79052;-0.181890;0.561558;-0.698378
13.51587;2.85317;0.05857;0.388333;-0.538916;-0.631437
13.51182;0.03737;2.76799;0.407059;-0.088225;-0.232946
14.95349;1.42551;4.07290;-0.520312;-0.587033;-0.883849
12.16729;1.43373;1.38965;0.362118;-0.078807;0.302180
12.12819;4.14801;4.01402;1.036912;-0.932387;-0.530070
15.07431;4.13068;1.21526;-0.727229;-0.055030;0.735911
10.62180;0.05603;5.58653;0.442808;-0.325207;-1.606789
10.85920;2.70051;8.09702;-0.185671;0.452932;0.471940
13.53499;2.73094;5.28960;-0.717856;0.098978;0.546960
13.39967;0.03834;7.97644;0.436729;-1.385407;0.513006
14.82021;1.31931;9.26301;-1.621291;1.481175;0.317814
12.10526;1.34385;6.67929;0.452000;1.262719;-0.026531
12.20527;4.22704;9.31664;-0.337781;-0.798904;1.000215
14.96946;4.05531;6.58329;-0.432085;0.055585;0.236592
10.84993;16.18856;10.89504;-0.886096;0.904840;0.689092
10.89012;2.66805;13.62575;-0.941601;0.554950;-0.316399
13.40994;2.67131;10.80743;-0.041331;0.033372;-0.622316
13.55932;16.15043;13.56976;-0.670507;0.414253;1.399353
14.86571;1.38420;14.91310;-0.925949;-0.325636;0.482309
12.19037;1.28978;12.36804;0.027126;-0.025443;-1.655526
12.21353;4.16184;14.83172;-0.182130;-0.667955;0.533973
14.67741;4.10364;12.15140;1.350926;-1.726209;-1.013460
10.77640;5.31935;16.22367;0.322029;0.790149;-0.151304
10.84133;8.19620;2.72930;-0.313653;-1.637050;0.360979
13.61403;8.13030;16.20010;-0.968192;-0.799520;0.379036
13.57011;5.37606;2.59743;0.170122;0.476234;0.612845
14.82135;6.82647;4.13261;0.000402;-0.754019;-1.061331
12.09963;6.70836;1.35116;0.790034;0.822377;-0.385284
12.10620;9.57701;4.04575;1.241236;-0.071939;0.101498
14.85301;9.52294;1.35206;0.648214;-0.176909;-0.124904
10.77784;5.31682;5.36989;-0.185911;0.990308;0.958344
10.83124;8.20587;8.09255;-0.151233;-0.745685;-0.173093
13.49218;8.20462;5.40344;0.225098;0.745950;0.092801
13.56023;5.41890;7.88221;0.768132;0.777328;0.867241
14.97008;6.84885;9.39566;-1.380145;-1.325984;0.032949
12.17493;6.84236;6.67972;-0.859862;-0.600629;0.076485
12.15831;9.51711;9.40347;0.984859;-0.047740;0.912850
15.01661;9.48593;6.78033;-1.207958;0.402588;-0.906696
10.88048;5.64673;10.80220;0.079456;-1.039565;-0.545896
10.95880;8.09608;13.61447;-1.249592;-0.214264;-0.872873
13.66706;8.20707;10.84209;-0.168247;0.643935;-1.348738
13.43972;5.43393;13.37165;-0.223374;1.399508;1.004941
14.85314;6.84977;14.66243;-0.529311;-1.033285;1.393025
12.26668;6.98572;12.10641;-0.280695;-1.008866;0.266168
12.07656;9.40616;15.00733;1.175894;0.585957;0.655005
14.86059;9.65828;12.19037;-0.705155;-0.151638;0.747811
10.80292;10.82559;0.04934;0.235740;-0.036320;0.693994
10.86946;13.64367;2.72776;-0.121468;-0.530539;1.023968
13.67796;13.41877;0.06119;-1.137138;-0.243372;-0.544089
13.59131;10.89758;2.70062;-0.888912;-0.358895;0.353975
14.97883;12.14801;4.06719;-0.537974;-0.070358;0.384110
12.13230;12.18806;1.42060;0.789295;0.254398;-0.399968
12.13210;15.01655;4.22761;-0.014159;-0.444377;-0.504352
14.92756;14.81771;1.38795;-1.426809;1.174253;0.177778
10.88054;10.90015;5.48430;-0.433789;0.219851;-0.265966
10.86089;13.60360;8.15103;-0.635475;-1.580643;-0.492858
13.52572;13.47661;5.44137;-0.131733;0.109962;-1.053004
13.66030;10.82643;8.15152;-0.321699;0.498299;0.120985
14.90540;12.34541;9.54066;0.289181;-1.508932;-1.823305
12.23687;12.19787;6.83377;0.143887;-0.178508;0.506249
12.03948;14.89375;9.48749;2.390032;0.417340;0.400662
14.85125;14.90984;6.57784;-0.996697;-1.077262;2.583575
10.81647;10.82726;10.83385;-0.257677;0.102440;-1.015300
10.93995;13.56330;13.44664;-1.449160;-1.064496;-0.511231
13.58367;13.47926;10.83140;-1.420089;1.831122;1.539332
13.36029;10.83466;13.71034;0.645866;-0.570108;-1.106336
14.97011;12.01515;14.83669;-1.388028;0.719414;0.748256
12.17416;12.06205;12.15922;0.652393;1.088985;0.053239
12.13407;14.72059;14.89193;1.659632;1.534635;1.275282
14.97745;14.97480;12.33530;-0.484844;-1.122750;-1.757872
