0.04366;0.02469;0.13292;0.226739;-0.437537;-0.588733
16.16758;2.65563;2.83965;0.489246;1.228147;0.420822
2.63111;2.75071;0.14373;-0.492579;-0.500827;-0.012353
2.60881;0.07904;2.85685;0.912627;0.214412;-1.141124
4.02510;1.30998;4.17648;0.409735;0.521517;-1.083180
1.23841;1.42416;1.55996;1.086285;-0.628675;-1.180730
1.45570;3.98247;4.03554;-0.323649;-0.398576;1.122715
4.17189;4.10655;1.12769;-1.157061;-0.183641;2.315974
16.20312;0.03112;5.35413;0.202636;-0.710520;-0.361143
0.10423;2.60600;8.27018;-0.361662;0.141852;-1.153946
2.74047;2.57155;5.48977;-0.246857;1.664465;0.400777
2.71010;16.06139;8.06344;0.382104;1.394909;0.303215
4.04779;1.42823;9.34246;-1.157539;-0.015157;0.653463
1.36656;1.20080;6.72855;-0.220021;0.674780;1.026430
1.41445;4.07427;9.53349;-0.813037;-0.174380;0.979248
4.10199;4.16515;6.74925;-0.933957;-0.617012;0.413092
16.17407;0.10517;10.82046;0.627277;-0.297309;0.020127
16.18733;2.88886;13.59473;-0.334455;-1.170037;-0.513003
2.66213;2.79018;11.05756;0.331435;-0.699930;-1.771912
2.66339;0.01627;13.49953;-0.070476;0.867923;0.733072
3.89906;1.41462;14.99740;0.581675;-0.675252;-0.735512
1.28354;1.46734;12.33034;-0.402862;-0.594929;-0.798793
1.29753;4.01532;14.97795;0.861760;0.955150;-0.096902
3.98661;4.14665;12.28984;0.264636;0.103576;0.457518
16.20585;5.36755;0.01367;0.460116;-0.334929;2.060825
0.00560;8.01134;2.86283;0.167416;0.430876;-0.902833
2.66599;8.19045;0.14886;0.224701;0.241768;0.173486
2.82615;5.35916;2.76934;-0.133251;-0.377546;-1.322488
4.09584;6.77158;4.01024;0.471002;0.484280;0.600018
1.39083;6.70956;1.50266;-0.273059;0.058768;-0.707363
1.39628;9.45225;4.06794;-0.258301;0.598450;-0.153855
4.11067;9.64560;1.42566;-0.274116;-1.385822;-0.572004
16.20397;5.16213;5.52257;0.632267;0.065158;-0.255581
16.21960;8.14454;8.08509;0.158442;0.565130;0.356630
2.68576;8.08137;5.36059;0.199795;-0.342368;0.354633
2.60298;5.44331;8.20811;0.983866;0.701533;-1.458386
3.99172;6.93308;9.41283;-0.809688;-0.572103;0.569357
1.23976;6.75720;6.71106;0.558717;-0.501783;0.321196
1.37956;9.57140;9.49121;-0.542118;-0.101944;-0.100623
3.97437;9.49121;6.72363;1.067144;0.300263;0.426253
0.01071;5.53511;10.83361;0.597119;0.037683;-0.573101
16.08458;7.99323;13.57214;0.423245;1.956192;0.077066
2.72221;8.23027;10.94165;-0.307416;-0.042399;-0.994515
2.63882;5.48288;13.65573;-0.058193;0.099741;-0.004813
3.99768;6.90781;14.96193;0.114746;-0.720549;0.056593
1.36815;6.91495;12.25844;-0.277031;-1.232545;-0.302244
1.28270;9.46848;14.96570;-0.724221;-0.223932;0.083849
4.00769;9.48142;12.32464;0.193976;0.713236;0.037636
16.16179;10.87488;0.12124;-0.083817;-0.432971;-0.560545
0.05388;13.49865;2.78096;0.104163;-0.363973;0.817576
2.73316;13.53993;0.03197;0.766378;0.462756;-0.191700
2.77488;10.89932;2.72468;-0.769067;0.401389;0.785399
4.25229;12.12496;4.14279;-1.225172;-0.014116;-0.062578
1.33905;12.29633;1.39904;0.628431;-1.157925;-0.464568
1.44909;14.83562;4.03611;-1.307409;0.324155;0.780710
4.04375;14.99926;1.50120;0.155777;-0.592165;-0.945052
0.01246;10.76706;5.50165;1.345169;0.628142;-1.084990
16.22346;13.53835;8.01173;-0.329479;1.077119;0.721231
2.82910;13.57842;5.33352;-0.049530;-0.858329;0.204738
2.65581;10.95712;8.06740;-0.150264;-0.133609;-0.111137
3.95463;12.21270;9.57559;-0.244085;0.782594;-0.770042
1.30434;12.37047;6.63809;1.005609;-1.385192;-0.042088
1.35705;14.87768;9.43594;-0.793145;-0.314629;1.118190
4.10535;14.81531;6.76739;-0.154233;0.323364;-0.405212
16.13014;11.01129;10.74389;1.534722;-0.981670;0.386925
16.12967;13.57101;13.67885;1.173628;-0.093069;-0.463684
2.61568;13.56317;11.01738;0.168895;0.200524;-1.859719
2.55773;10.87222;13.61900;0.577109;-0.408928;-0.412174
4.10027;12.19949;14.75378;0.040150;0.347019;1.224975
1.27976;12.25466;12.23515;-1.057011;-0.446256;0.657612
1.42312;14.92483;14.90183;-0.787644;-0.301061;0.713197
3.95504;15.01486;12.11245;1.551080;-0.595941;0.483933
5.42963;0.00049;16.12989;-0.832085;-0.413571;0.472518
5.25151;2.81009;2.75399;0.788376;-1.043631;-0.741376
8.16608;2.63491;16.14163;-1.292508;-0.072407;-0.383940
8.07800;0.04711;2.57150;-0.216004;-1.045332;0.452550
9.51328;1.31965;3.81139;0.445179;0.292913;1.004252
6.66964;1.33087;1.27986;0.143330;1.220629;0.441917
6.75950;4.10267;3.97494;-0.113216;-0.655572;0.800657
9.46861;4.07117;1.05132;0.230905;0.376290;1.974421
5.36148;16.20067;5.40863;0.794456;-0.376520;0.365187
5.44672;2.72612;8.03765;-0.345631;-0.046955;-0.335746
8.12362;2.60332;5.30474;-0.223526;0.364486;0.067476
8.10542;0.01006;8.15661;0.017740;-0.396000;0.079121
9.45961;1.33786;9.47155;-0.275671;0.696646;0.888690
6.74030;1.26177;6.75267;0.349262;0.652974;-0.431116
6.60839;3.99174;9.52962;0.568029;0.810336;0.436027
9.28624;4.13776;6.76388;-0.379298;-0.531144;-0.911895
5.30705;0.11053;10.75455;0.369340;-0.273533;0.070623
5.32363;2.74849;13.64390;-0.502877;-0.256926;-0.472604
8.04456;2.72729;10.91054;0.053880;-0.601173;-0.369445
8.05002;16.18568;13.41797;0.432143;-0.016361;-0.144450
9.43505;1.24339;14.79201;0.335666;0.045853;0.098863
6.61571;1.36525;12.23716;0.235039;0.224304;-0.229335
6.75475;4.07748;14.80419;0.517253;-0.065398;0.926404
9.48327;3.94245;12.28608;-0.177631;1.276573;-0.566134
5.45954;5.47430;16.18944;-0.128406;0.306135;-1.603263
5.44893;8.17357;2.66581;-0.703202;0.584104;0.746702
8.16270;8.23650;0.08634;-1.533379;-1.765714;-1.906574
7.98596;5.47662;2.62066;0.805250;-0.410385;-1.192641
9.39777;6.75653;3.92680;0.309781;-0.028347;0.406897
6.62257;6.85992;1.26926;1.684470;0.029147;0.384360
6.85984;9.50747;4.01608;-0.210719;-0.503233;0.710758
9.49348;9.45509;1.25903;1.135700;1.356457;1.133611
5.45102;5.45192;5.40553;0.303289;0.352268;-0.143338
5.43298;8.17633;8.17336;-0.002935;1.086313;-0.508696
8.18200;8.11349;5.40741;0.125323;0.130077;0.353306
8.04440;5.39636;8.24659;-1.116476;-0.301661;-0.752028
9.41319;6.63140;9.51029;0.225887;1.600895;0.771222
6.75861;6.82681;6.83546;0.318436;-0.289666;-0.319941
6.80170;9.55958;9.60043;-0.974017;-0.533971;-0.385306
9.69335;9.35442;6.83746;-1.857741;0.381476;-0.339221
5.12891;5.44293;10.75590;0.977807;-0.349158;-0.046075
5.42384;8.09041;13.55856;-0.112884;0.378639;0.217456
7.92902;8.05065;10.94809;1.202425;-0.084336;-1.561009
8.02171;5.45120;13.45868;0.516704;-0.493864;-0.116124
9.36333;6.82118;14.79504;0.537037;-0.019044;0.507221
6.57609;6.68454;12.10911;-0.206543;-0.348281;0.471142
6.82132;9.48994;14.85277;-0.527626;-0.133240;0.678833
9.45852;9.37268;12.01682;0.219067;0.595923;0.940322
5.45339;10.87675;0.05627;-0.320452;-0.246770;-1.807413
5.40167;13.48065;2.76132;1.143255;1.094143;-0.477283
8.16593;13.45921;16.20484;-0.252872;-0.488156;-0.834798
8.21860;10.78805;2.69718;0.020428;0.764244;-0.379582
9.60412;12.15684;4.05393;-1.199831;0.765101;-0.140491
6.80991;12.14030;1.32031;0.262094;0.699134;1.016289
6.83325;14.92251;4.14662;0.261164;-0.823261;-0.512311
9.41637;14.75275;1.33965;0.642561;0.552713;0.591981
5.60852;10.87316;5.50079;-0.743598;-1.185333;-0.157552
5.35423;13.55182;8.15127;0.970874;-1.003455;0.661538
8.30439;13.54994;5.58797;-0.378258;0.146231;-0.931395
8.15189;10.79289;8.19011;0.619466;-1.587039;-0.739982
9.67452;11.96166;9.29263;-0.433501;2.551819;0.643903
6.91122;12.14470;6.88412;-0.608154;1.203921;-0.078028
6.72096;14.89633;9.52800;0.262637;-0.260879;-0.072623
9.64062;15.00309;6.87698;-0.897684;-0.823004;-0.181544
5.22884;10.82703;10.81809;1.210959;-0.356986;0.933719
5.52643;13.59461;13.46154;-1.388488;-0.484738;-0.884347
8.11941;13.37183;10.74939;0.820554;0.108058;-0.536901
8.11154;10.77295;13.45806;1.399787;-0.213579;0.234358
9.61420;12.05822;14.86488;-1.643090;1.242825;-0.833838
6.79462;12.07470;12.16331;-0.954773;0.683015;-0.673730
6.80850;14.84615;14.80032;0.326759;0.205411;1.109534
9.46964;14.77941;12.13119;-0.411231;0.253597;0.085266
10.74939;16.15063;0.01196;-0.078267;0.209707;-0.085266
10.92876;2.67130;2.45437;-1.278412;1.039172;1.000282
13.57906;2.69226;0.04836;0.390852;-0.391598;0.361698
13.58290;16.18448;2.70218;0.604886;0.752506;-1.159223
14.81012;1.40547;4.07985;-0.448277;-0.947995;0.723387
12.18222;1.25455;1.29411;0.778344;-0.479741;-0.646057
12.10403;4.00446;4.03359;0.522451;-1.371663;-0.219462
14.88155;3.97887;1.56183;-0.803135;1.125883;-1.281264
10.84080;16.13541;5.30943;0.051538;0.349292;-1.341697
10.60204;2.82516;8.04753;1.104366;-0.362183;1.045473
13.46366;2.66170;5.50437;-1.204188;-0.240421;-0.628037
13.40061;0.10223;7.98768;0.111773;-0.390393;0.239089
14.77221;1.35332;9.42215;-0.096520;0.196228;0.472846
11.86501;1.39076;6.72810;1.298389;0.129609;-0.197410
12.19258;4.09288;9.43286;-1.530253;0.447207;-0.531751
14.76497;3.89113;6.87668;1.912284;-0.226472;0.296559
10.85123;0.05437;10.96255;-0.450667;-0.098598;-0.626792
10.87519;2.61357;13.52775;0.220404;0.712894;1.355293
13.40637;2.77961;10.78078;1.428418;-0.647483;0.321491
13.61510;0.12189;13.61953;0.134519;-0.746157;-1.107761
14.97925;1.37993;14.91615;0.050225;0.521924;0.741091
12.26092;1.38983;12.23374;-0.029575;-0.145126;-0.360502
12.38198;4.07504;14.89601;-1.526279;-0.198694;-0.724168
14.93623;4.11247;12.07212;-0.603325;-0.224180;0.079331
10.87004;5.45794;16.09651;-0.149129;-0.080862;-0.537437
10.78352;8.11909;2.59419;0.823940;-0.027739;0.872339
13.44229;8.04378;0.07079;1.054005;0.285872;-0.972406
13.43774;5.41129;2.85814;0.657135;-0.217502;-1.147898
15.03541;6.50417;4.08616;-1.113032;1.010000;0.645373
12.17620;6.68902;1.33768;-0.703057;-0.034431;0.732890
12.21309;9.53092;4.05070;-0.672703;-1.518039;0.242042
14.85766;9.34134;1.42040;0.406698;0.057636;-0.049051
10.66501;5.20939;5.22752;-0.182658;1.618817;1.051430
10.91096;7.92154;8.13938;0.134587;-0.412214;-0.027491
13.57334;7.95533;5.36843;0.249886;0.700793;-0.390358
13.59907;5.38683;8.09152;-0.720992;0.001220;0.288040
14.83347;6.81055;9.40809;0.501343;0.163928;0.503956
12.21723;6.52126;6.62416;-0.885188;0.554429;0.117481
12.16899;9.45678;9.40499;0.313021;-0.497220;0.139322
14.89094;9.50081;6.69119;-0.957447;-1.577194;0.882795
10.81444;5.42489;10.89533;0.442921;-0.905446;-0.010003
10.80809;8.02799;13.39983;0.367947;0.110847;0.053539
13.52082;8.15657;10.82711;0.162778;0.076118;-1.236754
13.63393;5.42848;13.46772;0.205627;-0.952818;0.505707
14.86007;6.62596;14.98211;-0.735284;1.204017;-0.234994
12.37400;6.71083;12.13699;-2.037101;0.432751;0.094561
12.24174;9.34601;14.73833;-0.544472;0.288578;0.277456
14.87718;9.54253;12.00819;0.880964;-0.916223;0.889301
10.87449;10.76020;16.12291;0.780368;-1.372773;0.168587
10.94611;13.44795;2.64062;-0.506712;-0.536344;-0.858423
13.61744;13.57390;16.13838;-0.862429;-0.543301;0.390172
13.52988;10.75497;2.67027;0.740840;0.554849;0.206582
14.98668;12.06856;4.10304;-0.545528;-0.008189;-0.971655
12.25503;12.01457;1.19778;0.149445;1.501244;0.458740
12.31713;14.78886;3.84932;-1.079074;0.178444;1.759183
14.98896;14.72235;1.43200;-0.762171;1.391057;-0.795361
10.78091;10.82554;5.40753;0.978171;-0.837033;0.287544
11.01395;13.56042;8.04740;-0.022053;-0.211466;0.793221
13.62246;13.51780;5.25542;0.126157;-0.036001;0.456878
13.51406;10.79615;8.02963;-0.193278;0.326978;-0.242709
14.88215;12.19339;9.31597;-0.852586;0.490329;-0.197762
12.24247;12.18313;6.55679;0.104791;0.236961;0.965914
12.20873;15.03349;9.57148;0.193201;-0.808369;-0.933849
14.86858;14.91180;6.68640;-0.589157;0.204888;0.242991
10.89210;10.80335;10.78211;-0.503289;-0.790270;0.026302
10.85120;13.63052;13.63950;0.186031;-0.898837;-1.089421
13.62814;13.58690;10.73730;-0.396945;-0.021135;0.595261
13.51410;10.75375;13.32611;-0.773558;0.535273;0.691696
14.76114;12.09844;14.77165;0.529079;-0.251616;0.839757
12.12219;12.21716;12.07374;0.736571;0.797500;0.748032
12.22210;15.02257;14.86796;0.167013;-0.573170;0.565059
14.96946;14.90349;12.22388;-0.839655;0.240581;-0.198638
