0.15646;0.00714;16.21190;-0.792364;0.410583;0.210926
16.08558;2.75954;2.75235;1.203134;-0.896268;0.224464
2.67845;2.70309;0.11203;0.665813;-0.132542;-1.177010
2.78249;0.09413;2.67623;-0.657804;0.010674;0.379910
4.06620;1.52619;3.98706;-0.284190;-0.371811;1.385980
1.32826;1.40749;1.44525;-0.278529;0.038097;0.003440
1.41138;4.03554;3.97672;-0.426175;0.444249;0.670798
4.16064;4.04359;1.31568;0.045876;0.005608;-0.592468
16.15448;16.14560;5.48649;0.420008;-0.381888;-1.568944
0.02114;2.66415;7.95249;-1.514033;0.764898;1.060064
2.64043;2.77895;5.58682;0.687565;-0.027294;-1.377611
2.70627;16.11188;8.05221;-0.658262;0.622473;-0.255998
3.94227;1.45164;9.30901;1.044666;-0.694595;0.381692
1.23679;1.28862;6.71132;1.604176;-0.618370;0.213956
1.25539;4.13125;9.24161;0.073123;-0.397968;1.675233
4.12818;4.22249;6.82067;-0.922405;-1.455363;0.053064
0.06297;16.21249;10.71828;0.200297;0.159571;0.828085
0.06752;2.75199;13.56987;-0.782474;-0.343318;-0.333260
2.58341;2.75108;10.67665;0.097629;-0.085096;0.149552
2.68530;16.21916;13.44837;1.630789;-0.818210;0.263817
4.07706;1.32609;14.83346;-0.346771;0.319603;0.426372
1.45568;1.34525;12.23883;-1.502215;1.021559;-1.682903
1.39018;4.10885;14.95275;-0.281176;-0.650678;0.387801
4.10596;3.91271;12.03393;-0.125173;0.710929;0.481545
0.07918;5.49132;0.05411;-0.932583;-0.241471;-0.700010
0.13461;8.14788;2.79740;-0.630415;0.500216;-1.178917
2.77523;8.13407;16.13376;-0.537269;-0.407972;-0.086190
2.75535;5.36043;2.51576;-1.054380;-0.140218;0.411400
3.96960;6.64334;3.91060;0.297641;0.390430;1.680093
1.35580;6.84760;1.33548;1.069097;0.195941;0.050722
1.35134;9.55124;4.07641;1.482660;-0.110451;-0.274645
4.16509;9.42489;1.19021;0.495810;0.535982;0.540097
0.03384;5.48251;5.38489;0.980108;-0.708641;0.736906
16.20791;8.23072;8.03088;0.465630;-0.438968;1.227988
2.73162;8.06912;5.39656;-0.320260;-0.254995;-0.578757
2.73438;5.47290;8.14447;-0.241120;-0.780903;-0.397413
4.07136;6.66795;9.41962;1.145130;1.272242;1.431896
1.41761;6.78136;6.88133;-0.818131;0.622005;-1.396726
1.44325;9.52172;9.57966;0.106269;-1.006139;-1.192525
4.18005;9.30825;6.66996;-0.148257;1.299563;0.351147
0.03392;5.40339;10.88803;-0.607018;-0.247863;-1.078123
0.04593;7.92235;13.59517;-0.210328;2.530851;-0.271687
2.82869;8.04120;10.89218;-1.170304;-0.634031;-0.822323
2.72325;5.25021;13.54996;1.343456;0.667975;-0.766370
4.15978;6.64920;14.89481;-0.272875;0.222070;-0.194911
1.38370;6.69502;12.25644;0.935456;-0.312890;-0.563393
1.21738;9.51985;14.97269;-0.098843;-0.675402;0.051675
4.05610;9.32430;12.25448;0.273001;1.066102;0.252933
16.00673;10.90877;0.13065;0.725346;-0.113448;-1.258157
0.05356;13.48812;2.71651;-0.812660;1.084991;0.119011
2.57705;13.68247;16.19050;0.438876;-0.986597;-0.787070
2.74990;10.79649;2.47673;-0.695938;0.384706;0.470979
4.14332;12.15286;3.83323;0.098724;-0.854753;0.318812
1.24445;12.30469;1.22621;0.955671;-1.177833;0.505766
1.41814;14.90205;3.98271;-0.158114;0.254431;0.630690
3.96281;14.94010;1.26694;-0.068082;0.215057;0.247700
16.10873;10.72370;5.34272;0.437130;1.193352;0.771859
0.06979;13.35213;8.09236;-1.282123;0.473926;-0.484376
2.93213;13.54379;5.16080;-2.139385;-0.972786;0.547488
2.63994;10.75530;7.95194;1.445419;-0.818761;0.912607
4.01504;12.00273;9.47623;0.710235;-0.239444;-1.234846
1.40082;12.11959;6.66886;-0.267890;0.369081;-1.519481
1.34096;14.73293;9.36974;0.757725;0.289418;0.902238
4.01663;14.78368;6.66326;-0.166183;0.118163;1.161732
0.13220;10.84547;10.85269;-1.233882;-0.718369;0.899056
16.04658;13.61713;13.44329;0.403701;0.488062;0.786057
2.75718;13.34093;10.78100;-1.523776;0.575439;0.143454
2.51998;10.71878;13.49112;0.689256;0.819423;0.257277
3.92367;12.14942;14.88124;-0.063538;0.140143;0.029138
1.20343;12.27056;12.24448;1.433809;-0.296993;-0.374371
1.31583;14.92444;14.73775;-0.382849;-0.348330;-0.101817
4.00014;14.80736;11.98237;0.768854;0.476453;1.493672
5.38692;0.00730;0.06102;0.038734;0.359506;-0.782684
5.50187;2.77890;2.65729;-0.338377;-1.120697;-0.353176
8.22475;2.66076;0.08165;0.294220;0.091991;-0.412807
8.29825;16.22200;2.71148;-1.120897;0.866795;0.686611
9.71057;1.39476;4.05356;-1.038808;-0.130387;-0.025702
6.81032;1.32757;1.32850;0.337920;-0.139777;0.712598
6.83252;3.98429;3.96163;-0.040246;0.819609;1.865533
9.53308;4.07136;1.46943;-0.016870;0.398535;-1.586547
5.21048;16.21424;5.46226;1.415114;0.968698;-1.658700
5.48600;2.77489;8.03015;0.032668;-0.262148;0.375190
8.09927;2.55683;5.39498;1.182835;1.248900;-1.206865
8.12415;0.07774;8.17732;-0.228003;-0.355303;-1.253080
9.41470;1.37012;9.50766;0.071584;1.158696;0.196710
6.75924;1.27760;6.61596;-0.743498;-0.276173;1.648294
6.83093;4.17385;9.45420;0.041990;-1.169834;0.028219
9.42173;4.05060;6.71794;0.713658;-0.869426;-0.036374
5.37969;0.00876;10.74548;-0.739891;-0.297403;-1.176692
5.49200;2.62111;13.44724;-0.228980;0.589192;0.776441
8.00662;2.66995;10.92863;0.510932;0.369320;-1.015808
8.09908;16.20960;13.64727;0.324982;-0.111769;-0.662383
9.62824;1.28804;14.95132;-1.365020;1.320652;-0.817475
6.71935;1.20022;12.11417;0.537678;0.166748;1.149063
6.89864;4.04852;14.95655;-0.634425;-0.750223;-0.462542
9.39649;4.01277;12.24797;-0.863346;0.618161;-1.236929
5.59328;5.41647;0.08066;-0.748662;-0.298231;-0.626277
5.33324;8.04307;2.75373;0.531169;0.125462;-1.258364
8.08348;8.19521;16.22445;0.119334;-0.228406;-0.446347
8.15718;5.39328;2.72492;0.030162;0.399257;-0.008754
9.58336;6.64922;4.03421;-0.326878;0.978707;0.858992
6.85768;6.80196;1.37609;-0.394779;0.189531;0.625448
6.82360;9.28854;3.96835;-0.391793;1.521213;0.469466
9.34439;9.56463;1.30579;1.497512;-0.180097;0.039752
5.37740;5.41389;5.43178;1.025133;0.388001;-1.776817
5.51625;8.06615;8.15356;-0.773607;-0.442632;-0.443388
8.22499;8.20503;5.40881;0.036812;-1.728929;0.293399
8.16565;5.42376;8.02189;-0.070757;-0.142366;0.673245
9.36895;6.76126;9.48178;0.166556;-0.818079;0.223534
6.80457;6.72201;6.77174;-0.076410;0.881342;-1.066136
6.85828;9.33279;9.48702;-0.150560;0.620865;0.061494
9.48747;9.49181;6.89973;-1.086898;-0.923275;0.578984
5.50999;5.43108;10.83942;-0.632293;0.273595;0.479949
5.50145;8.15929;13.64716;-0.616071;-0.386373;0.220174
8.14046;8.06659;10.87707;0.274796;0.394473;0.987403
8.15608;5.38234;13.57023;0.019292;0.383515;0.500703
9.45751;6.83515;14.86493;-0.385611;0.303877;-0.142243
6.82958;6.78807;12.34670;-0.430062;-0.100906;-1.109267
6.84275;9.61236;14.85569;-0.653743;-0.506811;0.639991
9.54741;9.54920;12.20064;-0.117585;-1.126655;-0.550405
5.54121;11.03023;16.21223;-1.193489;-1.117206;-0.295985
5.31779;13.63177;2.54081;-0.092607;1.251198;1.877249
7.95078;13.64091;16.22339;1.647898;-1.624937;1.072839
8.05337;10.85626;2.69077;-0.596298;0.044318;-0.052028
9.40873;12.13728;4.05878;-0.074729;-0.251681;0.676083
6.66246;12.35517;1.44156;1.821171;-1.213888;-0.850228
6.73121;14.99409;4.03416;-0.522763;-0.158420;-0.274544
9.43404;14.78206;1.40503;0.661546;-0.296183;-0.506122
5.49410;10.80861;5.31253;-0.091869;-0.604458;-0.106483
5.32261;13.56646;8.10893;0.825704;-1.255017;0.111419
8.03622;13.53441;5.30539;0.352010;0.329949;1.044397
8.15192;10.81916;8.24218;-0.206494;0.621521;-0.254749
9.50174;12.22859;9.62152;-0.453071;-0.942948;-0.332816
6.80647;12.12930;6.74389;-0.521235;0.396557;0.461759
6.79503;14.90799;9.35851;-0.413113;-0.712129;1.420125
9.44260;14.84662;6.87689;-0.356362;0.455192;-1.349273
5.40803;10.58662;10.76942;-0.112977;1.288221;0.869729
5.36546;13.53158;13.62239;-1.205785;-0.090903;-1.096168
8.13922;13.48632;10.96677;-0.971577;0.813379;-0.825103
8.08111;10.80337;13.40833;0.426825;0.712702;0.334103
9.27759;12.12215;14.93856;0.730760;0.651710;-0.276566
6.66504;12.19530;12.24427;-0.232256;-0.681476;-0.932099
6.66417;14.83631;14.94905;-0.305723;1.650381;-0.951267
9.50791;14.88750;12.18867;-0.828855;0.673951;0.247103
10.80329;16.19044;0.08183;0.477293;-0.773526;0.135936
10.96638;2.77080;2.64025;0.113627;-0.063892;1.057069
13.54361;2.76796;16.21347;-0.435603;-0.298453;-0.531157
13.45790;16.21091;2.76309;0.086547;-0.466452;-0.762337
14.86869;1.24169;4.03580;-0.051700;0.547492;0.714417
12.16374;1.35793;1.30862;0.766059;-0.047263;0.179099
12.31941;3.94537;4.17215;-0.758115;1.128026;-0.798117
14.95502;4.03049;1.28050;-0.743342;1.063204;0.341938
10.89427;0.04793;5.52747;-1.511670;-1.492989;-0.590980
10.82309;2.70432;8.16009;-0.381201;-0.097613;-0.438002
13.56416;2.60961;5.45078;0.538887;-0.442267;1.003766
13.63202;16.08969;8.13120;-1.703515;0.707876;0.450254
14.87330;1.29145;9.40714;0.390159;0.742274;0.226938
12.15278;1.23625;6.84244;1.620418;1.406340;1.045074
12.15645;4.00379;9.55301;-0.523991;0.538602;-0.125211
14.86511;4.16558;6.76590;-0.446057;-0.402529;-0.066667
10.75325;0.06622;10.79475;0.833577;-1.259950;0.144277
10.77847;2.90803;13.52082;0.946825;-1.698814;1.609906
13.39840;2.53566;10.83549;0.666721;0.038953;-0.335498
13.43737;0.19770;13.55624;0.518646;-1.361931;0.486273
14.91917;1.33453;14.94689;0.208797;0.761737;-0.303852
12.00312;1.36832;12.28246;-0.184150;0.596908;-0.815196
12.21673;4.24340;14.81010;-0.205089;-0.706933;0.604171
14.78170;3.95025;12.05626;1.394477;-0.309799;0.286429
10.79491;5.56098;16.17159;0.424966;-1.006843;1.243513
10.75627;8.17210;2.70595;-0.293631;0.342662;-0.153660
13.47655;8.14212;16.15519;0.131312;0.221905;0.997085
13.62457;5.36242;2.78216;-0.070287;0.371827;-0.476751
15.05860;6.80190;4.03419;-2.208990;0.365295;0.343582
12.13676;6.80389;1.44924;0.754120;-0.164271;-0.635509
12.00747;9.60052;4.09413;0.038394;-0.391859;-0.394952
14.81431;9.48908;1.47833;0.345937;-1.455758;-0.583349
10.92109;5.38307;5.48829;-0.148681;-0.437295;-0.545804
10.71391;8.13159;8.30875;1.219856;-0.141476;-1.343688
13.35710;8.21993;5.32654;0.908875;-1.313568;-0.142968
13.43521;5.48991;8.25693;0.889545;-0.212920;-0.487202
14.93254;6.85149;9.51029;0.428338;-0.573448;-0.425473
12.15961;6.83814;6.80474;-0.432779;0.108644;0.620884
12.20791;9.47856;9.44023;0.039493;-0.161284;0.903503
14.73421;9.42825;6.69371;0.749350;0.048365;-0.074017
10.65644;5.36775;10.84140;1.089910;0.215843;-0.152567
10.86100;8.11992;13.53369;0.074886;0.435757;-0.202783
13.67968;8.22984;10.80629;-1.508073;-0.339392;-0.123225
13.57519;5.36309;13.35023;-0.373469;1.557402;0.523885
14.87986;6.78325;14.86762;-0.805414;-1.437301;0.381377
12.15963;6.85675;12.03318;0.245991;-0.717255;0.346735
12.18308;9.59128;14.81629;0.041083;-1.118159;-0.004536
14.84956;9.49122;12.26548;1.536256;0.023067;0.015866
10.86167;10.83974;16.16484;-0.998630;0.470858;0.982587
10.81843;13.41353;2.78966;0.085283;0.635735;-0.397920
13.42015;13.60168;0.06541;1.062800;-0.173557;-0.522835
13.52699;10.80111;2.77660;-0.505378;0.482915;0.429807
14.86157;12.21238;4.06394;-0.110979;-0.173359;0.057319
12.21106;12.12745;1.42580;-0.408060;0.213643;-0.583400
12.10232;14.84336;4.18827;0.012855;0.156217;-1.020012
14.96226;14.95869;1.31818;-0.668759;-0.626104;0.606623
10.64630;10.75752;5.54766;1.179489;1.505085;-0.884539
10.74806;13.45181;8.14764;0.495166;0.207394;0.038011
13.37277;13.41757;5.41993;0.775288;0.073742;0.612733
13.63169;10.74033;8.18334;-0.864598;0.846645;-0.370580
14.93735;12.06108;9.56661;0.075422;0.614786;-0.540983
12.11446;12.05806;6.88061;0.252336;-0.069717;-0.325995
12.17049;14.75924;9.43507;0.260179;0.652532;0.781797
14.78616;14.81289;6.75473;0.974919;-1.815786;-0.297240
10.89776;10.83288;10.84717;0.198278;0.291249;-0.193693
10.69417;13.55004;13.58751;0.328564;-0.477410;0.448087
13.61530;13.48866;10.88953;-0.762485;0.499809;-0.464623
13.42633;10.90091;13.42489;0.870202;0.083265;0.657538
14.80893;12.23064;14.81074;-0.891349;-0.066004;0.807824
12.11466;12.29125;12.20850;-0.167189;-0.068713;-0.314800
12.12352;14.91329;14.85451;0.087035;0.071590;0.274334
14.78944;15.06422;12.15562;0.024990;-0.007928;-0.394110
