0.17399;16.17097;0.03538;-1.063453;-0.415773;-0.203588
0.14271;2.54907;2.85495;-1.670836;0.072105;-1.409887
2.64018;2.75032;16.08305;1.110906;-0.389050;1.170323
2.66362;0.04577;2.72584;0.532863;-1.057223;0.237670
4.08566;1.30298;3.99508;-0.080499;0.592139;0.535889
1.47035;1.35153;1.32570;-0.576303;0.470272;-0.104875
1.30359;3.98498;4.09004;1.304749;0.651612;0.539592
4.01227;4.11512;1.31473;0.565589;-0.722557;-0.852452
16.18425;0.17101;5.61355;-0.368755;-1.383810;-1.349629
16.10389;2.63010;8.12443;0.476526;0.639486;0.304148
2.82025;2.69778;5.44273;-0.670658;0.131633;-0.859920
2.78603;0.10209;8.08050;-1.182281;-0.629562;0.355142
3.91661;1.35854;9.66910;0.976971;0.243339;-0.322156
1.34005;1.48022;6.75181;0.975584;0.110528;0.884631
1.21553;4.13380;9.39178;-0.224440;-0.031830;0.218420
4.04177;3.99967;6.86219;0.318633;0.940757;0.173846
16.19712;16.15589;10.75186;0.544289;1.166540;-0.837810
16.18725;2.76102;13.56575;-0.068395;-0.978135;-0.563041
2.52828;2.84825;10.83244;0.653193;-0.171545;0.588039
2.89391;16.21185;13.41573;-0.971592;-0.205609;0.430528
4.07430;1.35338;14.87997;0.438019;0.101425;-0.428570
1.31370;1.26563;12.14716;0.043810;0.840451;0.334348
1.31574;4.11015;14.87819;-0.618699;0.367478;-0.674863
4.12148;4.24567;12.18302;-0.814533;-1.568043;-1.315775
16.09519;5.34262;0.03056;0.076295;0.039244;0.162095
0.05981;8.07006;2.65073;-0.849077;0.586080;0.847111
2.71833;8.18575;0.04644;0.431516;-0.803278;-0.395867
2.60110;5.32036;2.57525;-0.640373;0.884994;0.996253
3.98747;6.62226;4.03374;0.701646;-0.293868;-0.111103
1.27678;6.78315;1.23497;0.510341;-0.745579;0.168453
1.43797;9.37664;4.09955;-0.427349;-0.205503;-0.236910
4.10630;9.36727;1.57232;0.804319;0.401656;-1.416301
16.12414;5.26816;5.44456;0.276104;1.302754;-0.361338
16.22714;8.22314;8.06459;-0.831139;-0.373150;-0.670457
2.75642;7.95124;5.44260;0.042389;1.377197;0.005369
2.59227;5.51992;8.05561;-0.150783;-1.117164;-0.275034
3.91969;6.79196;9.39818;1.124346;-0.443615;0.549234
1.22199;6.82082;6.69677;-0.078301;-0.885250;-0.007323
1.42726;9.40418;9.33741;-0.093665;0.285605;1.227550
4.11854;9.49757;6.72863;-0.034303;-0.607226;-0.151703
16.12480;5.43221;10.88467;-0.648927;-0.424419;-1.136435
0.00698;7.99449;13.41371;-0.339628;-0.202164;0.752761
2.68240;8.09231;10.84747;0.715576;0.918289;-0.731051
2.65455;5.37458;13.40197;-0.247945;0.505365;1.462625
3.95450;6.76160;14.76703;0.352106;0.828493;0.462920
1.38577;6.69794;12.06355;-0.708744;0.145452;0.499712
1.32130;9.30633;14.81901;0.809203;0.822527;-0.614437
4.19625;9.44208;12.09505;-0.585182;0.515108;0.064090
0.04413;10.71242;16.07559;-0.626733;1.042197;0.933028
16.18137;13.64368;2.71487;-0.026871;-0.217944;0.185741
2.70752;13.45577;0.04236;-0.006526;0.244095;-0.083865
2.63046;10.69891;2.62978;-0.398844;0.662981;0.586799
3.90351;12.14979;3.91187;0.547415;0.634672;0.742940
1.21725;12.11334;1.41244;0.588131;0.165944;-1.041148
1.33440;14.99163;4.24427;-0.897682;0.453077;-1.147329
4.08374;14.85829;1.44839;-0.190918;0.540273;-1.126240
0.05579;10.93931;5.19787;0.136621;-0.975080;1.177511
16.19373;13.46749;8.15072;0.172664;-0.395142;0.333686
2.71073;13.63658;5.44146;-0.166222;-1.541548;-0.463656
2.67839;10.83020;8.09176;0.562974;-0.407590;-0.795641
3.94827;12.17867;9.43516;0.453313;-0.010233;0.686260
1.36128;12.21833;6.77192;-0.339336;-0.086414;-0.677834
1.36107;14.81861;9.41772;0.352800;0.714864;-0.192339
4.05218;14.88184;6.74395;-0.173855;0.075393;1.114257
0.08065;10.75944;10.70583;-1.018805;-0.592737;-0.166649
0.11199;13.53433;13.26153;-1.155568;0.510964;1.215332
2.71254;13.54994;10.83059;0.285713;0.128426;0.008926
2.73820;10.75518;13.47127;0.244652;-0.025104;0.468418
4.17234;12.14966;14.93136;-0.207291;-0.574055;-0.006110
1.34802;12.08435;12.03815;1.166569;0.032194;0.534057
1.39074;14.83631;14.77875;0.974372;-0.131282;-0.137235
4.28826;14.87927;12.08301;-1.181908;-1.049753;0.815623
5.54110;16.20009;16.18150;-0.395322;-0.144762;0.322101
5.38810;2.75167;2.69196;0.574022;0.186074;-0.156661
8.19966;2.88276;0.05015;-0.292979;-0.358328;-0.791488
8.08621;16.18120;2.83786;0.265097;1.104397;-1.868130
9.41590;1.31338;4.12528;0.668613;0.306876;-0.450811
6.84325;1.51358;1.26834;-0.403689;-1.446242;0.987937
6.86102;4.06164;4.11567;-0.724387;-0.366706;-0.541842
9.42573;4.11948;1.54195;0.067822;0.503920;-0.112121
5.29798;16.16704;5.43126;1.147949;1.038517;-0.634043
5.34412;2.63418;8.24784;0.074829;0.343466;0.013677
8.07008;2.58507;5.44964;0.489189;1.343621;0.029510
8.10187;0.07190;8.13194;0.115376;-0.489066;-1.349187
9.49598;1.36300;9.43726;0.340961;0.553287;0.182717
6.63559;1.39563;6.72669;-0.126957;-0.934439;0.975698
6.80112;4.09491;9.42799;0.010789;-1.366352;0.775162
9.50969;4.06006;6.71294;-0.845909;-0.751715;0.110209
5.53372;0.06265;10.89992;-0.196240;0.682785;-0.720446
5.32669;2.81855;13.44576;0.359173;-0.896198;1.063504
8.18870;2.63874;10.93371;-0.708679;0.554212;-1.150470
8.21839;0.00633;13.76810;-0.411517;0.789046;-0.700268
9.64688;1.37564;15.07134;-1.547600;-0.217725;0.218505
6.79777;1.39509;12.32449;0.515386;-0.311598;0.224155
6.63257;4.13320;14.86470;1.224447;0.053736;0.346071
9.44183;4.00552;12.26863;0.708187;0.000180;0.060302
5.38542;5.57551;16.21007;-0.732074;-0.902917;0.034370
5.51417;8.06024;2.88878;-1.115911;-0.078326;0.243768
8.15314;8.08282;0.01720;0.186282;-0.351543;-0.050335
8.07016;5.57109;2.80144;0.441276;-1.082668;0.311455
9.49575;6.84536;4.11921;0.507318;-0.665274;-0.606632
6.68880;6.75846;1.45725;0.782011;0.768750;-1.120481
6.85948;9.37799;4.22606;-0.227813;0.510595;0.364268
9.48270;9.58779;1.25295;-0.471372;-0.528910;0.931782
5.44393;5.32854;5.42788;-0.287682;0.123098;0.419404
5.43591;7.90958;8.01200;-0.434366;1.486413;0.415059
8.31067;8.07279;5.55478;-1.388624;0.362033;0.002042
8.19440;5.36502;8.12505;0.814658;0.414273;0.758801
9.48798;6.90473;9.55877;-0.215482;-0.326282;-1.092761
6.91783;6.66272;6.78904;-0.771087;-0.057108;-0.845775
6.68379;9.38023;9.40861;-0.520618;0.099910;0.305270
9.55580;9.48173;6.78963;-0.296146;1.544528;0.078015
5.41740;5.40892;10.74514;0.426461;1.242564;-0.250867
5.47493;8.09208;13.47708;0.212579;-0.307286;0.447629
8.08928;8.23617;10.83075;0.082862;-0.499953;0.336120
8.20313;5.40019;13.59339;-0.899411;-0.589843;0.011047
9.57403;6.70729;14.82620;0.091357;0.615339;1.318349
6.92714;6.68280;12.18334;-1.032444;0.697369;-0.573972
6.80909;9.44915;14.94765;-0.312110;0.229928;-0.609101
9.49875;9.54316;12.15966;0.712790;-0.671181;-0.498376
5.57737;10.82272;0.23553;-1.264313;-0.756278;-1.300524
5.42835;13.51451;2.72559;0.288895;-0.639887;-0.257703
8.29319;13.55617;0.03895;-0.165799;-0.815546;0.248659
8.12910;10.79019;2.91105;1.078816;-0.060121;-0.912483
9.47412;12.31024;4.11765;-0.216517;-0.117108;-0.313879
6.96642;12.11787;1.44758;-0.345823;1.337274;0.321983
6.70116;14.91774;4.07581;-0.463069;-0.707091;0.506347
9.58682;14.93556;1.44995;-0.950756;-0.241131;0.307550
5.37794;10.94106;5.30784;-0.379906;-1.082726;0.035182
5.28835;13.53369;8.17130;0.675758;0.635699;0.058020
7.96421;13.54455;5.45542;0.200370;-0.408818;-0.105329
8.01408;10.74809;8.15731;0.377469;0.324367;-0.961491
9.39146;12.15554;9.43421;-0.246260;-0.383365;0.327023
6.57722;12.16721;6.82290;1.155506;0.060602;0.022836
6.77503;14.96770;9.46761;-0.829199;0.022434;-0.828090
9.45962;14.77423;6.67530;0.111665;1.219494;1.228185
5.48209;10.93959;10.75208;-0.766462;-1.106357;-0.579751
5.55357;13.39183;13.41719;-0.986722;0.390915;0.664038
8.14259;13.67061;10.68213;0.463091;-0.652956;1.474280
8.14368;10.80757;13.42400;-0.403114;0.494602;1.244188
9.56734;12.11712;14.85261;-1.527696;0.325794;-0.274810
6.87793;12.20441;12.03555;0.578100;-0.122100;-0.114043
6.87625;14.69274;14.79209;-0.431439;0.727513;1.082168
9.42705;14.94186;12.27309;0.115117;-0.237239;-0.924690
10.92193;16.13762;0.05647;-0.085511;-0.018614;-0.471695
10.83468;2.75929;2.79578;-0.922876;-0.934875;-0.071556
13.50412;2.49260;0.04002;0.317949;0.813934;0.088831
13.45900;0.06930;2.59320;0.659836;-0.621540;1.551781
14.81095;1.34491;4.11658;0.108271;0.112313;-0.177184
12.05538;1.32201;1.38661;0.121001;0.908729;0.136667
12.17106;4.03950;4.12046;-0.495671;0.192864;0.287607
14.76242;3.93264;1.45326;0.996606;-0.520333;-0.049698
10.82921;0.10268;5.47258;-0.111783;-1.033470;-0.053563
10.90474;2.77832;8.03197;-0.687167;-0.901155;0.434480
13.52037;2.82852;5.46820;0.501111;-0.966301;-0.054908
13.50990;16.09071;8.04169;-0.329478;-0.169361;-0.253238
14.74596;1.22569;9.35707;0.220450;0.667157;1.588054
12.27012;1.36077;6.76723;-0.247765;0.136955;0.091209
12.03464;4.12713;9.46881;0.295079;0.373912;1.341744
14.80931;4.10064;6.90989;-0.314489;-0.032915;-0.071027
10.78058;16.17560;10.79561;0.319961;-0.331891;-0.209657
10.80408;2.57263;13.58917;0.662990;0.922889;-0.664391
13.32848;2.64624;10.86177;0.361510;-0.358501;-1.281898
13.63419;16.13920;13.59900;-0.616310;1.161182;-0.102272
14.99522;1.27255;14.97362;-0.106783;0.150081;-0.394528
12.11816;1.20370;12.22070;0.405800;0.095671;0.299136
12.17698;3.90356;14.96589;-0.053142;0.866398;-0.272398
14.69962;3.95244;12.14205;1.081495;0.528406;0.234311
10.79873;5.35082;0.14315;0.468964;0.082066;-0.869508
10.73460;8.12759;2.63622;0.104372;1.174141;0.503075
13.41330;8.13878;16.19658;1.318869;-0.426588;0.968942
13.43161;5.31378;2.76890;0.615737;1.210683;-0.738211
14.82830;6.73836;4.03182;0.380017;-0.534337;-0.128831
12.11195;6.80352;1.43291;0.621081;-0.846992;-0.648160
12.13264;9.53227;3.99876;-0.905241;-0.952400;0.542458
14.90885;9.51127;1.35038;-0.983543;-0.240550;-0.213249
10.82504;5.39359;5.43113;-0.470190;0.084816;-0.886595
10.89741;8.21663;8.07811;0.058763;-0.792676;1.167643
13.36026;7.98599;5.33289;1.053280;1.357287;0.193918
13.41708;5.50207;8.20154;0.629937;-0.378078;-0.035461
14.82922;6.90810;9.42286;0.946563;-1.076463;-0.124358
12.08885;6.69755;6.76776;0.246828;0.753618;0.309857
12.23963;9.57994;9.46011;0.180624;-0.223546;-1.378445
14.89184;9.53449;6.60408;0.231591;-0.803185;-0.701880
10.70643;5.54074;10.97789;-0.425463;-1.633357;-1.316542
10.87730;8.18844;13.54202;-0.478031;0.176295;-0.055448
13.52074;8.17168;10.70156;-0.934522;-0.184932;1.428448
13.47950;5.36768;13.49060;-0.743838;0.124831;0.592166
14.82409;6.72287;14.88783;-0.242693;0.117083;-0.525616
12.07106;6.80402;12.14731;2.021375;0.597569;0.601173
12.24792;9.54608;14.86626;0.234870;0.012919;-0.894254
14.88736;9.38006;12.11427;0.610969;0.711956;-0.214867
10.89406;10.85216;16.13540;-0.725784;-0.839379;0.093613
10.96976;13.63708;2.77958;-1.095733;-0.534008;-0.038900
13.54366;13.54989;16.16670;-0.132979;-1.299072;-0.477866
13.30500;10.88726;2.64820;1.334434;0.180140;-1.397636
14.84037;12.11961;3.88978;-0.571546;1.193108;0.329469
11.97873;12.30390;1.16442;1.766019;0.161835;1.610720
12.24485;14.96137;4.15376;0.075073;0.739596;-0.485984
14.74286;14.86934;1.27015;1.753601;0.984490;0.655474
10.82679;10.94838;5.38812;-0.158698;-0.972423;-0.004362
10.75212;13.42711;8.16802;0.136729;0.152563;-1.545823
13.59723;13.59503;5.38271;-0.033307;-1.378522;-0.021061
13.59095;10.82267;7.93267;-0.528639;0.107178;1.203183
14.79511;12.09972;9.47631;0.498861;0.435059;0.000029
12.17357;12.17354;6.75231;0.328281;1.005402;-0.080925
12.12564;14.77219;9.36176;-0.032362;0.719012;1.091823
14.96046;14.79757;6.76384;-0.137151;0.609498;0.154475
10.84516;10.84304;10.70847;-0.061506;0.962297;1.517984
10.76934;13.51259;13.54035;0.507203;0.313069;-0.367433
13.54838;13.62705;10.82903;-0.611679;-1.086674;-0.541208
13.67817;10.85599;13.47027;-0.546436;-0.117396;0.308103
14.99495;12.24260;14.79764;0.211995;-0.058786;-0.091550
12.24636;12.26482;12.26039;-0.398176;-0.608131;-1.256225
12.21460;14.80642;14.82607;-0.409126;0.388087;0.064309
14.83841;15.00196;12.07171;0.747017;-1.311483;0.762146
