0.04869;0.01935;0.03441;0.016139;-0.514694;-0.108998
15.99513;2.65224;2.70359;1.544102;-0.746069;0.868806
2.48215;2.70741;0.06457;0.560479;-0.041560;-1.377531
2.66263;16.21729;2.70804;0.414801;0.216535;-0.201298
3.98744;1.31478;4.04341;0.686174;0.394002;0.318487
1.31821;1.35084;1.40645;-0.858981;-0.042469;0.865461
1.28325;4.07097;4.03604;-0.205817;-0.798130;-0.647891
3.96473;3.97025;1.19170;-0.030792;0.086141;1.934700
15.98420;16.22214;5.35973;0.731125;-0.556886;0.062302
16.12939;2.65620;8.01028;0.141423;0.363597;0.521923
2.64035;2.76150;5.38190;0.151546;-0.411222;0.297598
2.51958;0.07352;8.00752;0.618646;-0.470092;-0.192496
3.96053;1.34335;9.37386;0.722590;0.247828;0.060248
1.10512;1.35967;6.58967;1.367917;0.147015;0.038447
1.37474;4.02312;9.25487;-1.461574;-0.555920;1.771851
4.08279;4.08374;6.79352;-0.989203;0.075080;-0.154175
16.22455;0.05827;10.77601;-0.335356;-0.407860;0.021014
16.11498;2.75436;13.35847;0.140838;-0.259657;1.319744
2.64182;2.71916;10.74147;0.384657;0.343913;0.084723
2.70111;0.08327;13.47040;0.338641;-0.565770;0.786927
3.91778;1.37792;14.98646;0.894267;-0.151379;-0.329848
1.40180;1.39513;12.18469;-1.156647;0.357492;-0.963999
1.27120;4.06326;14.85394;-0.512922;0.004345;-0.349362
3.95356;4.14832;12.15668;0.208065;0.011498;-1.168616
0.02979;5.35730;0.17675;0.716138;1.269448;-1.585090
0.02635;8.18305;2.73974;0.394051;0.900144;-0.301318
2.74423;8.15679;0.10972;0.326282;-0.908710;0.193913
2.72977;5.34642;2.73450;0.127738;-0.063132;-0.091658
4.04095;6.58820;4.25366;-0.326797;1.541131;-1.025833
1.41654;6.81038;1.48000;-0.307567;-0.458941;-0.400786
1.46923;9.61399;4.00490;-0.326038;-0.844796;0.518421
4.10364;9.34567;1.53735;-0.518528;1.744667;-1.412148
16.19039;5.34055;5.37481;-1.002175;0.219389;0.635349
0.14461;8.12130;8.21077;-0.709540;-0.373265;-0.304069
2.65868;8.12396;5.54384;-0.209724;-0.429871;-0.781564
2.67250;5.46615;8.21509;1.402019;0.556126;-1.091173
4.03403;6.90028;9.56489;0.073978;-0.993491;-0.656409
1.23835;6.63043;6.80357;0.832467;0.796578;-0.067422
1.38486;9.59584;9.49286;0.766099;-1.267951;-0.474632
4.00550;9.50323;6.86274;-0.189380;-0.019782;-1.073444
16.21418;5.43874;10.76288;0.685343;-0.493586;-0.143882
0.04155;8.03630;13.68307;0.639991;-0.009272;-0.492921
2.73514;8.23535;10.86814;-0.922657;-0.151072;0.269725
2.66277;5.44327;13.54846;-0.044515;0.373925;0.401582
4.06378;6.78989;14.93548;-0.335982;-0.230009;-0.323798
1.32388;6.80347;12.17334;0.354687;-0.146749;-0.089732
1.38035;9.37883;15.03484;-0.140465;0.700425;-0.828252
4.06248;9.54707;12.18237;-0.095301;-0.784119;0.385113
0.18157;10.94108;16.22552;-1.147451;-0.059244;-0.172885
0.12367;13.43505;2.74199;-0.600742;0.949961;1.088891
2.58348;13.63435;16.14487;1.053719;-0.245087;1.035378
2.86933;10.94777;2.71474;0.181220;-0.457649;0.074084
4.30551;12.20332;4.06363;-0.843363;-0.475665;0.583949
1.45015;12.23440;1.40144;0.653534;-0.329938;-0.628129
1.33689;14.99134;4.09325;-0.459488;-1.104564;0.052553
4.04887;14.84289;1.39459;-0.034433;-0.435868;-0.092266
0.09316;10.86138;5.42952;0.359270;-0.471407;0.366194
0.08261;13.44733;7.94785;-0.432933;0.374506;-0.563110
2.81602;13.54285;5.26162;0.127980;0.502119;0.373424
2.68655;10.86261;8.10865;0.684625;-0.009253;0.654737
3.99734;12.29070;9.37289;0.098634;-0.562560;1.463631
1.61210;12.16237;6.66123;-1.612789;0.568589;-0.558226
1.20877;14.86996;9.29773;0.483733;0.467444;1.200387
4.03944;14.83495;6.80519;-0.564914;0.870128;-0.699818
0.15120;10.89215;10.77338;-1.606263;-0.138742;0.884983
16.21440;13.48763;13.51058;0.861289;0.346470;-0.502304
2.53255;13.54819;10.80830;0.496136;0.128735;-1.034495
2.67806;10.68664;13.57695;0.080433;0.663680;0.516825
3.91645;12.29538;14.81198;-0.269136;-0.784974;0.092792
1.45418;12.05370;12.17776;-0.581148;0.916009;0.883440
1.36326;14.96206;14.81205;-1.025495;0.147240;-0.549666
3.89807;14.87174;12.09453;1.099963;0.489215;-0.153858
5.42285;16.12264;0.01704;-0.660034;0.962078;-0.267281
5.37580;2.59721;2.53683;-1.243490;0.667242;1.295292
8.09298;2.73281;0.05759;0.295345;-0.210626;-0.009667
8.17445;0.14175;2.58856;-1.125570;-1.894389;0.084835
9.36679;1.39152;3.91015;1.151030;0.882913;1.612790
6.73556;1.33892;1.32747;0.242272;-0.461011;-1.130614
6.78198;3.91860;3.88816;-0.563051;0.576798;0.729419
9.56926;4.02845;1.33543;-0.230624;-0.166917;0.866665
5.41214;16.14398;5.40311;-0.068251;-0.019720;-0.800319
5.43374;2.71155;8.00577;-0.119632;-1.570603;-0.038225
8.10169;2.67746;5.36676;0.412737;0.298561;-0.039054
8.22334;16.14505;8.19221;-0.195918;0.278730;-0.751801
9.55236;1.38451;9.46448;-0.351509;-0.747503;0.351635
6.84443;1.23384;6.66198;-0.239243;0.185834;1.015800
6.80922;3.98786;9.28220;0.148756;0.780066;0.775531
9.62165;3.95269;6.74740;-0.890363;0.308764;0.222905
5.39597;0.04106;10.79371;-0.449971;-0.386734;-0.353508
5.20301;2.75741;13.44569;1.337023;-0.310892;1.472751
8.14600;2.74373;10.75280;-0.137407;0.097012;0.131647
7.92061;16.22891;13.41315;1.371852;-0.303014;0.671232
9.27644;1.32202;14.90526;1.274713;-0.086018;-0.739152
6.72394;1.45706;12.16870;-0.662985;0.260618;-0.817557
6.85232;4.02804;14.90088;-1.538921;0.969362;-0.672197
9.52881;4.15782;12.02077;0.553849;-0.012036;0.220956
5.30127;5.41027;0.14997;1.279799;0.040753;-2.206458
5.41423;8.04468;2.77252;-0.107948;-1.463008;0.798511
8.13438;8.17844;0.00454;-0.937019;0.217525;-0.257184
8.07366;5.37577;2.62687;0.443863;0.304491;0.041798
9.29315;6.77080;4.14542;1.631084;-0.424436;-0.452306
6.71161;6.79523;1.28961;0.695200;-0.070613;0.764081
6.70968;9.41377;4.02335;1.134503;0.489605;0.647677
9.54543;9.45324;1.41119;0.184969;-0.683639;-0.106179
5.46896;5.31198;5.42660;0.423135;-0.828175;-0.495826
5.29747;8.14118;8.05691;0.824831;-0.630576;1.351505
8.08226;8.13720;5.51286;-0.798983;-0.012076;0.386282
8.15118;5.47462;8.02098;0.408618;-1.404382;0.153035
9.38311;6.88934;9.35684;0.136186;-0.851315;0.813102
6.62729;6.67519;6.85177;0.731952;1.058496;-1.020461
6.63726;9.35658;9.61525;0.266921;0.388279;-1.254225
9.49020;9.45953;6.91336;-0.631346;0.756006;-1.641985
5.44742;5.36874;10.68664;-0.507079;-0.458272;0.057074
5.34436;8.01669;13.38003;0.499533;-0.557933;-0.116632
8.11182;8.10575;10.81527;0.399824;0.008207;0.613811
8.28355;5.41189;13.52357;-0.739375;0.355159;0.301004
9.56324;6.87069;14.98269;0.415888;-0.990477;-0.378847
6.82601;6.62590;12.00557;0.006635;0.267655;1.621721
6.53311;9.40308;14.77428;1.465508;0.553190;0.831150
9.59873;9.33663;12.22887;-0.785431;1.024159;-0.732552
5.17154;10.85631;16.13847;0.749959;-0.849784;0.582320
5.55423;13.48726;2.71202;-0.277394;0.208821;-1.249502
8.08926;13.62638;16.05799;0.038349;-1.115677;0.815507
8.14524;10.75507;2.62097;-0.862640;0.730477;0.839405
9.39980;12.23106;4.02410;-0.117430;-0.974039;1.029398
6.69210;12.06293;1.25199;0.854173;0.550729;-0.645924
6.86570;14.85428;3.94022;0.468080;0.601419;1.618726
9.41548;14.89576;1.36131;0.297189;-0.606588;-0.482596
5.44572;10.72149;5.50036;-0.466908;0.026196;-0.886595
5.40310;13.51089;8.05099;0.137119;0.012491;0.409337
8.10146;13.44777;5.64989;0.191989;0.583321;-1.719671
8.05044;10.72141;8.24193;-0.367901;-0.245282;0.077271
9.38781;12.09416;9.50383;0.408673;-0.179887;0.762647
6.69500;12.02901;6.85890;0.773682;0.370453;0.113739
6.73341;14.81054;9.43333;0.000237;0.719340;0.324172
9.64688;14.80720;6.81470;-0.775622;0.476674;-0.373406
5.34371;10.79897;10.82565;-0.071790;1.171582;-0.536498
5.29264;13.47931;13.39384;0.360667;-0.053465;0.072629
8.07516;13.51227;10.79196;-0.450000;-0.951957;0.891591
8.19837;10.67799;13.57174;-0.341695;-0.037409;0.286253
9.56421;12.19525;14.80671;-0.720965;-0.357488;0.666726
6.75163;11.94629;12.28908;0.282613;1.488073;-1.038728
6.63164;14.85670;14.74895;-0.073408;-0.171607;-0.157728
9.44385;14.80431;12.16414;-0.252079;0.659252;-0.021407
10.78050;0.01592;0.08097;-0.223857;0.146621;-1.325973
10.91138;2.70608;2.83319;-0.013538;0.134275;-1.135986
13.53016;2.72510;0.10995;-0.260051;-0.220044;-1.706291
13.47863;15.90215;2.66583;-0.308342;1.111425;-0.913893
14.64112;1.12362;3.93829;0.458954;1.536039;0.103785
12.21462;1.28630;1.35950;-0.106965;0.111694;0.928545
12.20162;4.13204;4.15259;0.171326;0.614097;-0.182480
14.91055;4.04763;1.33922;-1.067020;0.266425;0.805976
10.75651;0.12912;5.29135;-0.088362;-1.104032;0.548986
10.98625;2.55655;8.10398;-1.033697;1.147477;-0.145233
13.47749;2.60229;5.35950;0.193422;0.255026;-0.387797
13.26048;16.22644;8.19813;1.967574;-0.737366;-0.143965
14.78655;1.34962;9.37584;-0.039040;-0.154143;0.668093
12.23028;1.27168;6.69759;-0.955018;0.198800;-0.592372
12.08650;4.10729;9.43575;0.600306;0.422414;-0.145029
14.71680;3.93751;6.76690;0.865226;1.018380;-0.813940
10.84425;16.18413;10.84307;-1.311170;0.693075;0.736242
10.83387;2.71257;13.40960;-1.086455;0.408641;1.123704
13.40312;2.68397;10.70677;0.611562;0.731731;0.469282
13.59978;16.15282;13.47111;-0.656588;1.247528;0.480761
14.90463;1.28625;14.95559;-0.543730;1.012734;-0.968230
12.13119;1.37787;12.12941;1.123591;-1.008683;0.318175
12.20343;4.13355;14.79619;-0.279113;-1.201313;0.704967
14.75609;4.15967;12.05151;-0.277550;-0.375145;0.298088
10.97025;5.36226;0.11653;-0.359081;1.095606;-0.926382
10.93297;8.13151;2.81876;-0.861345;-1.078174;-0.381753
13.64484;8.22592;0.01394;-0.050506;-0.746252;-0.172207
13.71911;5.49746;2.78145;-0.858290;-0.709487;-0.161482
14.93931;6.90666;4.11559;-0.458362;0.095309;1.115425
12.36163;6.79359;1.38241;-0.565363;0.213755;0.452145
12.22458;9.48588;4.13185;0.312721;1.129712;-0.790383
14.97135;9.61238;1.28121;0.638394;-0.482752;0.613006
10.87009;5.51818;5.58195;-0.191436;0.018160;-1.052998
10.77083;8.22200;8.23432;1.857961;-0.266835;0.060274
13.49611;8.34870;5.58734;0.686523;-2.014964;-0.671689
13.57429;5.43509;8.13238;-0.465863;-0.523929;0.084272
14.89955;6.78049;9.45286;0.103355;0.422727;0.097797
12.24678;6.88188;6.93514;-0.626013;0.216781;-0.427464
12.26298;9.50679;9.58536;-0.267264;0.589198;-1.272903
15.05482;9.41655;6.80594;0.370671;0.804968;0.160876
10.88759;5.66778;10.70834;-0.379073;-0.307585;0.813558
10.95600;8.29519;13.68994;0.208274;-0.545558;0.678601
13.63622;8.22673;10.80055;0.644322;-0.831567;0.281336
13.48341;5.55520;13.55879;0.070817;-0.622048;-1.422391
14.88716;6.70304;14.86913;0.322381;0.212683;1.812582
12.27606;7.07966;12.22346;-0.584935;-1.404342;-0.101016
12.34118;9.69420;15.04226;-0.782763;-0.772516;-0.627378
15.15669;9.31474;12.15445;-0.557874;1.352872;-0.237021
10.82262;10.87772;0.12367;-0.151779;0.247377;-0.991919
10.78651;13.48672;2.69723;-0.287638;0.546582;-0.045593
13.55140;13.59060;0.05956;-0.189007;-0.187305;-0.883919
13.66175;10.89345;2.69390;-0.777879;0.037641;0.769191
14.95999;12.22371;4.21466;-0.815421;0.152177;-0.833333
12.17674;12.21234;1.35099;0.702274;0.125617;0.769732
12.07673;14.84526;4.07524;-0.421420;-0.479543;0.386759
15.02870;14.78561;1.39458;-0.039858;-0.078931;-0.360280
10.83588;10.79094;5.42928;-0.665958;0.787083;0.388501
10.79647;13.36560;8.21949;-0.238364;0.823939;0.073709
13.39165;13.50678;5.47928;0.426356;0.003154;0.410123
13.72242;10.76325;8.13696;-0.602690;0.128695;0.457869
15.03804;12.22160;9.41561;-1.031606;-0.107954;0.278187
12.16588;12.09744;6.98060;0.760304;-0.646585;-1.611320
12.02051;14.85055;9.52071;0.157306;-0.650999;-0.665474
14.75361;14.92563;6.83234;-0.241496;-0.826660;0.041887
10.92566;10.82974;10.89677;-1.501414;-0.408105;-0.457512
10.89231;13.48445;13.44879;0.344056;0.389710;0.384665
13.42555;13.51829;10.68164;1.733098;-0.265481;0.826382
13.68121;10.66433;13.44505;0.329759;1.284476;0.123619
14.89234;12.23477;14.86256;-0.216761;-0.890724;0.309409
12.26704;12.10755;12.14215;0.652234;0.431055;0.624668
12.17489;14.95000;14.85655;-0.179604;-0.466573;0.310047
14.87647;14.83459;12.13085;0.207404;-0.294813;-0.917960
