0.03944;16.08141;0.13016;-0.924202;1.174172;-0.497479
16.11585;2.49014;2.67769;-0.007677;0.503720;-0.110438
2.68131;2.65885;0.09601;0.063917;-0.044381;-0.377612
2.72635;16.04654;2.70793;-0.996816;1.007509;1.192934
3.85980;1.36383;4.05766;1.876041;-0.877812;-0.677803
1.39484;1.21998;1.42702;-0.355140;0.049256;-0.104804
1.39094;3.85161;3.89590;-1.543862;0.044712;1.117064
4.04443;4.03377;1.42723;0.612132;-0.584234;-0.644400
0.11475;16.17389;5.46219;-0.356786;0.472205;-1.170548
16.20532;2.73096;8.19586;-0.204464;0.028875;-1.129663
2.68696;2.68210;5.40147;-0.024053;0.850660;1.177612
2.68688;16.20952;8.15794;0.740746;0.130960;-0.455799
3.93638;1.36640;9.57450;0.684082;-0.181308;-1.038306
1.38835;1.36948;6.83069;-0.478805;0.162298;-0.083654
1.30482;4.09747;9.45438;0.256522;0.201057;0.507519
4.13557;4.10070;6.79537;-1.606638;-0.122679;-0.951682
0.11377;16.21487;10.87058;-0.166071;0.079114;0.332460
16.18282;2.73092;13.60668;0.046422;-0.322639;0.009664
2.60014;2.70837;10.85737;0.696828;1.071021;-0.592527
2.60691;0.02954;13.54069;1.671705;-0.552612;-0.114102
4.02808;1.30822;14.88945;-0.100815;0.987532;0.057046
1.44757;1.44444;12.25847;-2.115741;-0.384406;0.026981
1.34648;4.06982;14.96039;0.478869;-0.406803;-0.726430
4.00506;4.07577;12.11944;0.466033;0.540341;0.131946
0.04463;5.45666;16.17606;-0.755800;0.124828;0.920406
16.22524;8.08817;2.66375;0.790118;0.474916;-0.031081
2.79000;8.13879;0.13362;-0.238611;0.145724;-1.137182
2.64543;5.27357;2.70974;-0.038731;0.467141;-0.456717
3.86545;6.57304;4.08991;0.702338;1.976983;0.004226
1.43945;6.73366;1.39560;-0.784639;0.009248;-0.360882
1.42834;9.38768;4.05880;-1.205969;0.754077;-0.575591
4.15780;9.52214;1.37170;-0.372331;0.118661;0.604387
0.09181;5.32467;5.35165;-0.197118;-0.364552;0.111027
16.21995;8.10909;8.05505;-1.231061;-0.819272;-0.113384
2.66445;8.16215;5.46628;0.029405;-1.934223;-0.121557
2.69574;5.42358;8.07988;1.013259;-0.316441;1.200339
4.12781;6.86755;9.40188;0.077467;-0.579238;0.185077
1.35606;6.68837;6.83218;-0.575159;0.791832;-1.316497
1.29898;9.36176;9.36067;1.012887;0.068616;1.081313
4.00209;9.51244;6.66152;1.606316;0.007976;0.007677
16.14726;5.43074;10.82976;0.678854;-0.175825;0.666226
0.01095;8.17450;13.62520;0.443012;-0.376728;0.179570
2.74524;8.11653;10.84245;-0.715910;-0.232214;-0.640323
2.68126;5.42689;13.51618;0.436467;-0.508489;0.603085
4.10002;6.78198;14.85243;-0.342879;0.434590;0.010933
1.36914;6.75298;12.22601;-0.761152;0.634541;-0.401669
1.37471;9.60683;15.01012;-0.044110;-1.069171;-0.055594
4.02488;9.58651;12.04608;0.316411;-0.542230;1.384365
16.15524;10.92445;0.05892;1.002993;-0.256316;0.086869
16.09302;13.40614;2.66245;-0.155716;0.224329;1.157231
2.69421;13.55869;0.08991;0.283937;0.171898;-0.053910
2.69038;10.87720;2.77231;0.741624;-0.708740;-0.346087
4.03585;12.29820;4.03452;0.870828;-0.820538;-0.297516
1.31006;12.17842;1.47653;0.436851;-0.208102;-1.150252
1.31017;14.67259;4.00849;-0.693748;1.228167;-0.172855
4.13464;14.94944;1.43441;0.099374;-1.948558;-0.549798
0.04918;10.78089;5.41493;0.911932;0.254706;-0.420420
0.10706;13.49081;8.03882;0.282274;-0.483484;0.551564
2.66389;13.50583;5.37411;0.384484;-0.212316;0.832157
2.80138;10.63594;8.18151;-0.123397;1.482806;0.489448
4.07571;12.27903;9.44984;0.172822;-1.177260;-0.046736
1.54841;12.02989;6.80165;-1.016571;0.313467;-0.169058
1.40561;14.85246;9.44662;-0.627134;-0.151587;0.336262
4.03134;14.87590;6.67944;0.138437;0.435010;0.340421
16.22903;10.73864;10.66206;-0.241382;0.536082;1.072838
0.04561;13.48768;13.59697;0.682862;0.016448;-0.477020
2.74084;13.55332;10.82366;-0.080800;0.062157;0.081698
2.74199;10.83338;13.57941;0.194282;0.627308;-0.241601
4.13854;12.28192;14.91625;-0.821390;-0.505742;-0.230246
1.40296;12.15926;12.13137;-0.569424;-0.525023;0.165222
1.33982;14.94247;14.91357;0.256556;-1.185771;-0.059992
4.11168;14.91571;12.13679;-0.461659;0.494708;0.215299
5.32561;0.03749;0.08569;0.712003;0.552101;-0.606538
5.44143;2.66464;2.74496;-0.742358;0.071318;0.353329
8.06480;2.79620;16.20312;0.018377;-0.423287;0.187719
8.16411;0.04317;2.64943;0.071444;-0.304927;0.983013
9.51888;1.37812;4.16710;-0.180716;-0.797022;-0.133683
6.75376;1.34369;1.35866;0.259510;0.563179;-0.319519
6.73913;4.05966;4.12497;-0.007671;-0.505827;-0.210374
9.48496;4.05782;1.33738;-0.538068;0.609436;0.507925
5.39243;0.02949;5.31805;-0.467312;0.020421;0.242848
5.27107;2.67003;8.05044;1.120623;-1.145645;1.186603
8.09531;2.69239;5.47259;0.315069;0.529726;-0.204556
8.20436;0.02991;8.03859;-0.557720;0.449383;1.327675
9.48012;1.50716;9.46295;-0.028275;-1.406032;0.526632
6.78286;1.31005;6.72487;-0.916568;0.060462;0.279598
6.71422;3.93078;9.44599;-0.150802;0.730246;-0.741722
9.39754;4.11364;6.82705;0.516382;-0.675946;-0.674517
5.46983;0.04148;10.73756;-0.339797;0.085178;0.670791
5.36687;2.88592;13.62817;-0.778847;-1.613432;-0.995330
8.02096;2.68168;10.85305;0.320340;-0.068752;-0.294997
8.09101;0.05673;13.52965;-0.308274;0.432293;0.339053
9.42982;1.39649;14.90691;0.288733;0.249781;-0.575286
6.67300;1.41945;12.24617;0.000116;-0.112257;0.024396
6.72232;4.16361;14.86439;0.704011;-0.197116;0.523698
9.44214;4.02965;12.07155;-0.347478;-0.375615;1.228358
5.35129;5.35369;16.22185;-0.084558;0.794078;0.539255
5.37723;8.01799;2.72198;-0.333476;0.296407;0.664399
8.02367;8.13985;0.04861;0.476579;-0.521754;0.356813
7.98264;5.44835;2.76153;1.562343;-1.225154;-0.199064
9.39962;6.73172;4.06670;-0.024790;0.322182;-0.054832
6.72424;6.68704;1.41023;-0.734297;0.614222;-1.226435
6.80483;9.43948;4.05167;-0.298283;0.103398;-0.751373
9.43651;9.46391;1.36561;0.559727;0.070842;-0.406897
5.33230;5.39896;5.36341;0.413374;0.001472;0.326503
5.46360;8.22817;7.97343;-0.707845;0.261466;0.893257
8.04510;8.03077;5.41120;0.362695;0.527481;0.095767
7.99154;5.42080;8.02337;-0.387486;-0.301418;1.104294
9.33319;6.68915;9.45964;0.596839;-0.089641;-0.120625
6.63482;6.76512;6.71492;0.421178;-0.270334;-0.318271
6.79985;9.58287;9.40059;-0.494449;0.139369;0.416048
9.45931;9.37552;6.72305;0.376944;0.370366;0.265786
5.51245;5.40853;10.78201;-1.018338;-0.018065;-0.252153
5.43491;8.17684;13.43915;0.247007;-0.286462;-0.104115
8.08908;8.13511;10.73079;0.452981;0.662745;0.666083
8.13305;5.38722;13.53116;1.005879;0.437960;0.062242
9.47433;6.88407;14.91483;-0.208287;-0.216719;-0.498387
6.88871;6.70435;12.11923;-0.918826;0.917694;0.362363
6.86286;9.49817;14.86037;-0.958752;-0.307263;-0.641613
9.54577;9.52763;12.18834;-0.705820;-0.652322;-0.859590
5.45099;10.80418;16.14332;0.106201;0.435358;0.332955
5.52244;13.46600;2.63725;-0.799631;0.647962;0.317459
8.21757;13.62862;16.10435;-0.902025;0.305727;0.922665
8.19696;10.89828;2.66175;-1.270171;0.044503;0.100660
9.42981;12.23505;4.11505;0.271031;-0.164335;-0.593685
6.77938;12.26771;1.17852;1.004517;-0.997469;0.214721
6.74040;14.86994;4.03208;0.169207;0.836038;-0.855207
9.53941;14.84326;1.41298;-0.252322;0.073681;-0.246882
5.41472;10.83666;5.30312;0.030540;0.281291;0.243249
5.41251;13.50803;8.00761;0.512442;-0.065878;-0.429421
8.09302;13.65125;5.37383;0.632720;-0.376670;0.297180
8.23054;10.88376;8.08856;0.306561;-0.282597;-0.108411
9.64305;12.18545;9.47228;-0.266597;0.273852;-0.289177
6.93123;12.14152;6.61991;-1.477290;0.094483;0.865682
6.76637;14.88674;9.37308;0.394641;-0.022159;-0.175241
9.46444;14.86202;6.80853;0.492540;-0.427792;-0.443089
5.42978;10.96651;10.90622;0.632288;0.297372;-1.071254
5.44260;13.65865;13.56933;-0.057865;0.006598;0.129809
8.19188;13.55676;10.73425;-0.052431;0.535446;0.284527
8.18302;10.81467;13.50633;-0.447882;0.803396;-0.020135
9.45995;12.20996;14.85400;0.458869;-0.095702;-0.669794
6.82252;12.36372;12.24302;0.314165;-1.043039;-0.296751
6.71666;15.03440;14.93981;0.527069;-0.408569;-0.187288
9.46011;15.01614;12.18118;-0.250367;-0.544804;-0.963475
10.75346;0.01380;0.02581;0.482539;-0.151348;-0.389268
10.79837;2.73914;2.80928;0.219948;-0.542327;-1.177124
13.43398;2.66748;16.19827;-0.565166;-0.606568;0.371266
13.52108;16.03843;2.66990;-0.223105;0.271190;0.188795
14.72118;1.20509;4.06953;1.217199;0.104484;0.555572
12.15293;1.24433;1.43040;-0.181212;0.817573;-0.094498
12.20642;4.15516;3.89616;-0.088375;0.057276;1.734356
14.84393;3.93668;1.21063;1.166614;0.625492;0.574141
10.90458;16.12760;5.53435;-0.524914;0.459606;-1.062024
10.82840;2.75405;8.10778;-0.189112;0.725385;0.232949
13.49086;2.74706;5.36791;-0.568573;-0.090951;-0.211645
13.61118;0.04884;8.01885;-0.077296;0.047458;0.491543
14.95776;1.31641;9.50185;-0.405249;-0.237861;0.101771
12.11423;1.39982;6.75923;1.021174;0.080625;-0.020063
12.09426;4.14553;9.52307;0.930563;-0.529521;-0.768263
14.77149;4.09962;6.78700;1.022571;-0.243825;-0.227788
10.91964;0.11815;10.91862;-0.969609;-0.717584;-1.804703
10.86934;2.67587;13.39022;-1.383917;0.919465;1.793035
13.53468;2.69025;10.75809;0.067365;0.554988;0.477169
13.49091;16.19275;13.54350;1.039197;0.089720;-0.393937
14.82656;1.28069;14.96659;0.621153;-0.197061;-0.228661
12.22974;1.39222;12.20824;1.380386;-0.210387;-0.398050
12.00639;4.08012;15.00981;0.111368;-1.575461;-0.919079
14.80085;4.08762;12.25493;-0.173530;-0.226690;-0.183161
10.83633;5.52588;0.00584;-1.700081;-0.627851;0.191241
10.77054;8.09676;2.74453;0.088615;-0.255896;-0.133601
13.43151;8.22030;0.08430;-0.060745;-0.940628;0.173792
13.67553;5.39422;2.61829;-0.350373;-0.419418;-0.198744
14.98862;6.69707;3.97541;-0.368199;-0.047744;0.811463
12.09757;6.61364;1.45354;1.204079;2.105805;0.140836
12.20684;9.41738;4.05302;-0.075840;-0.680003;-0.324868
14.90972;9.51398;1.35329;-0.789710;-0.078247;0.469928
10.72251;5.43202;5.43315;1.323560;0.042577;-0.149064
10.76659;8.04627;8.22838;0.151853;1.146380;-0.018875
13.55869;7.99537;5.35993;0.038687;0.362045;-0.547897
13.46493;5.52070;8.09582;-0.169149;-0.568753;0.534851
14.82216;6.75644;9.53056;0.283658;0.557061;-0.768573
12.15176;6.91138;6.81322;-0.609764;-1.189196;-0.632471
12.27550;9.44693;9.53316;-0.486291;-0.068785;-0.121184
14.89826;9.42559;6.57104;0.142853;-0.640085;0.919902
10.74841;5.39993;10.86973;0.043703;1.002898;-0.341260
10.88202;8.21642;13.51003;-0.645241;-0.850362;0.243833
13.51847;7.98896;10.99453;-0.101347;0.637136;-1.187543
13.33973;5.31929;13.71136;1.595846;0.947845;-0.782622
14.78594;6.82936;14.96310;0.029568;-0.188604;-0.357234
12.14574;6.71227;12.26779;-0.613811;-0.442990;0.162982
12.21004;9.51761;14.80699;0.160185;0.927550;0.790854
14.90054;9.36562;12.17982;0.870511;0.570199;-0.612079
10.78683;10.90645;16.22160;-0.171661;-1.304675;-0.447181
10.88144;13.49414;2.78664;-0.550372;0.467465;0.440406
13.36023;13.45795;16.17676;0.123394;0.213528;-0.494587
13.43200;10.81183;2.72208;1.016944;0.031035;-0.123109
14.82818;12.10891;4.17277;0.467563;-0.548941;-1.328157
12.04928;12.14617;1.39298;1.022536;0.083775;-0.106763
12.28739;14.76143;4.18565;-0.780985;0.635300;-0.843446
14.81640;14.69779;1.27247;-0.210243;0.317582;0.123136
10.82640;10.77097;5.25724;-1.024367;-0.389205;0.916653
10.96343;13.54158;8.00811;-0.897581;-0.568183;0.580878
13.60559;13.46248;5.45331;-0.099782;0.076797;1.269479
13.57109;10.74747;7.90958;-0.319744;0.233456;1.440802
14.89635;12.19366;9.36849;-0.218779;-0.426207;-0.276036
12.10096;12.05269;6.64623;0.918683;0.518733;0.262419
12.22825;14.90586;9.35567;0.053776;0.966635;0.742219
15.01566;14.86543;6.76716;-0.795484;-0.220425;-0.113348
10.90690;10.88132;10.93362;0.469657;-0.409938;-1.053598
10.74183;13.54035;13.38240;0.439648;-0.180787;0.762987
13.56210;13.60194;10.73819;0.355406;-0.506199;0.322709
13.67136;10.79409;13.44659;-0.674283;0.650058;0.656201
14.91107;12.19959;14.88706;-1.036620;-0.150790;-0.053075
12.27014;12.23339;12.18690;0.243525;0.179562;-0.151908
12.06311;14.90368;14.74661;-0.343521;-0.411598;1.149361
14.98074;14.79983;12.23940;-0.742892;0.872534;-0.625358
