0.00909;16.22092;0.07352;0.121790;-0.499198;-0.102231
0.15026;2.84536;2.76618;0.160318;-0.414688;-0.907160
2.82139;2.79747;16.06865;-0.810073;-0.365481;1.727596
2.57752;0.05421;2.76845;0.758565;-0.573455;-0.388775
3.88035;1.44335;4.13729;0.425253;-0.499447;-0.977888
1.39928;1.33544;1.25982;0.380741;1.475907;0.553840
1.54803;4.23509;4.04874;-1.399860;-0.369599;0.578606
4.04596;4.09618;1.40401;0.511345;-1.419349;-0.965957
16.08755;0.07847;5.33131;0.732085;-0.643958;0.908934
16.18261;2.73826;8.26407;0.251763;-0.193199;-0.963536
2.58278;2.72292;5.46039;0.154312;0.670606;0.772613
2.53303;16.18576;8.16007;0.454255;-0.469969;-0.128227
4.04533;1.19836;9.44036;-0.032223;0.577544;-0.165673
1.27480;1.35174;6.83075;-0.943274;0.181225;-0.284756
1.32770;4.10609;9.48794;0.797176;0.274792;-0.068835
4.02827;4.09915;6.74688;0.342971;-0.777217;0.249922
0.05437;16.07435;10.84020;-0.812994;0.702256;0.304290
16.20981;2.70413;13.55960;-0.137220;-0.943279;-0.491456
2.83280;2.74048;10.72157;-1.021520;-0.823380;0.307270
2.61725;0.08727;13.55695;1.254626;0.691405;0.072822
4.19042;1.45562;14.87739;0.173222;-1.321088;-0.551703
1.34826;1.36357;12.14234;0.103455;0.599265;-0.494427
1.15007;3.94370;15.02440;1.481199;0.785231;-1.145917
4.15298;3.95007;12.15926;-0.642542;1.191643;0.263755
0.00949;5.41929;0.05807;-0.828142;-0.244733;0.434732
16.17202;7.97765;2.57859;0.376468;1.134190;0.451488
2.80639;7.92253;16.11937;-0.039576;0.633396;0.621145
2.93383;5.44325;2.71455;-0.747451;0.573073;0.957603
4.10827;6.77862;4.14881;-0.034260;1.768792;-0.190414
1.49812;6.56017;1.37651;-0.612816;1.607563;-0.524323
1.26989;9.41426;4.06211;0.169182;-0.926509;-0.164695
4.16059;9.35538;1.30948;-1.053119;-0.443522;-0.321172
16.20364;5.51638;5.35012;0.135626;-0.732647;0.737453
16.11435;8.10818;8.08558;0.161387;0.849551;0.730553
2.64408;8.19273;5.62645;0.545116;-0.156870;-1.195294
2.75792;5.47925;8.06540;-0.812604;-0.471299;1.052516
4.03940;6.68342;9.60389;0.378568;0.283662;-0.482673
1.28133;6.79234;6.88550;0.183618;-0.193766;-0.975062
1.29075;9.46847;9.48527;0.431912;0.015596;-0.104777
4.13725;9.51623;6.91039;-0.050884;0.063537;-0.404202
16.15010;5.41741;10.83570;1.338445;-0.268478;0.673692
0.02159;7.95986;13.39035;-0.369911;1.477251;1.406797
2.72062;8.14382;10.86892;0.116306;0.406777;-0.385831
2.65283;5.24375;13.58547;0.322891;0.220165;-0.189156
4.22985;6.58841;14.84290;-0.541025;-0.049808;-0.569491
1.45437;6.76979;12.15570;-0.316398;-1.634569;-0.106753
1.47455;9.37205;14.77419;-0.608365;0.470744;-0.023414
4.11757;9.43742;12.27087;-0.767791;0.313584;-2.254875
0.05409;10.93154;16.14591;-0.292969;-1.491806;0.121697
0.05307;13.46786;2.57974;-0.040578;0.106522;0.985064
2.57685;13.59358;16.07215;1.318536;0.012202;0.210797
2.71950;10.58454;2.68076;-0.042941;1.043216;-0.543468
3.97429;12.10833;3.95325;-0.064506;-0.215627;0.703532
1.50509;12.14410;1.23245;-0.567232;-0.492404;1.002028
1.27683;14.87410;4.08090;-0.470810;-0.022291;-0.440359
3.96345;14.88833;1.31039;-0.479617;-0.274248;0.817411
0.02476;10.79381;5.43002;-0.118987;0.689591;-1.032234
16.10454;13.43935;8.07011;0.722034;0.496419;-0.031714
2.63499;13.46007;5.33040;-0.203052;0.002474;0.253001
2.71521;10.89663;8.19746;-0.590025;-1.089428;-0.462619
4.07949;12.12454;9.48947;-0.063907;0.252282;1.192516
1.31953;12.12977;6.78737;0.330619;0.283629;-0.142636
1.27732;14.68539;9.48129;0.049197;0.453472;-0.538746
3.86034;14.87215;6.72360;0.925359;0.392784;-0.151222
0.11614;10.95442;10.88119;-0.664949;-0.680653;-1.011038
16.14010;13.55560;13.50412;0.445903;-0.496465;0.775263
2.66248;13.46817;10.85273;0.469867;-0.090000;0.128972
2.88446;10.87139;13.40919;-1.323601;-0.495127;1.739304
4.07626;12.24766;14.79636;0.085423;-0.539852;1.287933
1.37532;12.17094;12.32060;0.037256;0.757564;-0.531640
1.26716;14.98402;14.78821;-0.556811;-0.588209;0.437763
3.91721;14.94309;12.19285;0.524335;-0.097857;-0.452746
5.42312;16.16355;0.11264;-0.568329;0.479987;-1.453198
5.28468;2.65448;2.72852;1.350014;0.245516;-0.036756
8.26826;2.53152;16.17335;-0.567042;0.300526;-0.003846
8.16335;16.15131;2.56746;-0.122504;0.386809;0.264531
9.41994;1.30521;4.09861;0.225796;-0.067126;-0.896972
6.76625;1.31238;1.25780;0.250517;0.498015;1.378886
6.79196;4.07628;4.07672;-0.778769;-0.496212;-0.138996
9.49241;3.94347;1.27751;0.568631;0.671618;1.178343
5.31602;0.15061;5.35585;0.186818;-1.083233;0.796896
5.38158;2.68704;8.17598;-0.327651;0.654571;0.229564
8.16380;2.73003;5.42306;-0.683685;-0.136046;-0.077481
8.11739;0.08245;8.03888;-0.309569;-0.449591;0.219961
9.50447;1.36510;9.42869;-0.102462;-0.158578;-0.042895
6.69332;1.46698;6.76439;0.536673;-0.444341;-0.457352
6.82142;4.03453;9.59052;-0.404295;-0.637745;-1.420119
9.50039;4.07740;6.73332;0.045255;0.320612;0.077412
5.44034;16.16687;10.79334;0.042157;0.315837;0.440215
5.55193;2.82223;13.52300;0.414357;-1.205015;0.085426
8.18469;2.68676;10.79110;1.558787;0.965724;-0.229722
8.06969;16.21080;13.30720;0.735597;0.217521;1.352455
9.60160;1.34709;14.73475;-0.532460;-1.250654;-0.154832
6.87478;1.46909;12.02982;-1.983704;-1.270372;1.102239
6.91176;3.99268;14.99790;-0.645619;0.600925;0.210575
9.52889;4.02433;12.25430;-0.705351;0.151309;-0.006970
5.47587;5.35338;0.17999;0.947799;0.372462;-1.098719
5.55697;8.15322;2.66058;-0.772712;0.101555;1.572557
8.26427;7.98373;16.22008;-0.964886;1.601085;-0.038560
8.11915;5.36575;2.71057;0.524738;0.438158;-0.398321
9.41749;6.95090;4.00483;-0.316865;-1.208702;-0.259920
6.84265;6.83939;1.39459;0.397627;-1.356283;-0.353262
6.83848;9.59459;4.01761;-0.669018;-0.658460;1.334772
9.53819;9.49723;1.37045;-0.672880;0.511913;-1.546193
5.39648;5.43713;5.43203;0.757661;-0.591746;0.035186
5.43935;8.03653;8.26139;-0.861410;-0.790929;-1.224296
8.16901;8.18568;5.50660;-0.971201;-0.029010;-0.603857
8.07090;5.32073;8.13321;0.139069;-0.238427;-0.519030
9.44701;6.65852;9.35223;0.562610;0.222260;1.336144
6.79557;6.70315;6.79996;-0.300395;0.761739;0.004198
6.75962;9.30125;9.48624;1.434295;1.559142;0.666846
9.52414;9.52829;6.77864;-0.639655;-0.589608;0.544938
5.53037;5.35262;10.84748;-1.136522;0.456631;0.515184
5.41684;8.08147;13.34784;0.870744;-1.462771;2.015143
8.28813;8.08936;10.82984;-0.300438;-0.052279;-0.790247
8.11016;5.42200;13.62119;-0.138812;-0.352428;-1.073727
9.52824;6.64502;14.89245;0.913273;0.737007;-0.242888
6.84679;6.79836;12.05959;0.333920;-0.461650;0.908884
6.67881;9.38321;14.83349;1.274600;-0.527816;0.061136
9.50570;9.50476;12.18725;0.585994;-0.247486;-0.264128
5.43575;10.73006;0.00187;-0.568751;0.925582;-0.513895
5.31458;13.54015;2.75829;0.533594;-0.009218;-0.879043
7.89268;13.32842;16.03927;-0.033355;1.879393;1.402839
8.25052;10.82372;2.75839;-0.030600;1.183519;-0.089304
9.45834;12.32542;4.25361;0.017782;-0.666023;-1.430946
6.72105;12.08130;1.38861;0.050720;0.293570;0.523070
6.73722;14.96990;4.03194;-0.471316;0.131933;-0.256166
9.44469;14.77943;1.09800;-0.782127;-0.372029;0.605882
5.39910;10.96903;5.44938;0.370118;-0.608930;-0.112279
5.24842;13.55366;8.14516;0.077523;0.348025;-0.542617
8.08546;13.72829;5.45034;-0.591810;-0.680947;0.596931
8.07670;10.78268;8.04252;-0.073267;0.329624;1.074742
9.54546;12.19391;9.37029;-0.678745;-0.246545;-0.041603
6.73756;12.32144;6.89439;0.132212;-0.296012;-1.140330
6.72547;14.83083;9.34407;0.595274;0.653629;0.569667
9.54559;14.95934;6.73037;-0.607174;-0.290470;0.809803
5.42166;10.70763;10.83099;0.033530;0.155937;-0.446659
5.32745;13.57182;13.45524;0.326747;0.714903;0.096019
8.12058;13.49448;10.71099;-0.621398;-0.594714;0.167303
8.00765;10.72878;13.39567;0.018348;0.722243;1.079256
9.32912;12.17641;14.85457;0.937606;-1.673900;-1.043571
6.62697;12.16146;12.17123;1.072289;0.262410;-0.855892
6.70383;14.95448;14.81093;0.001192;-0.408747;-0.438448
9.43753;14.74000;12.14346;0.355909;0.567019;-0.034116
10.86723;16.20887;16.20840;-0.701904;1.027785;0.296655
10.88350;2.67655;2.81561;-0.149038;0.073994;-0.514788
13.59397;2.61680;0.03211;-0.358295;0.525046;-0.111198
13.49314;16.18598;2.80552;0.519194;0.438044;-0.020317
14.91165;1.53233;3.99982;-0.602217;-0.765133;-0.002169
12.22437;1.28552;1.38361;-0.540900;0.273853;0.348486
12.25303;4.07935;4.18911;-0.762017;-0.297059;-0.347090
14.88200;4.02371;1.41257;0.240732;0.228917;-0.191581
10.81020;16.19637;5.36867;0.668378;0.609559;-0.306493
10.84646;2.73292;8.09759;-0.203579;0.426263;0.264254
13.55036;2.65966;5.51187;-0.101188;0.424087;-0.252655
13.49031;0.04770;8.12881;0.667971;0.120397;-0.063086
14.90581;1.33293;9.55272;-0.160965;-0.638798;-0.014589
12.10859;1.37815;6.77565;0.381184;-0.866179;-0.411658
12.21564;4.08772;9.43805;-0.046824;0.406833;-0.027643
14.82041;4.04831;6.84406;1.137249;0.301161;-0.584343
10.78225;16.20921;10.82724;-0.049431;-1.037560;-0.580723
10.97328;2.68579;13.47330;-0.192033;0.260645;0.251829
13.49768;2.69945;10.79616;0.701517;0.348896;0.259470
13.60653;0.10663;13.54484;-0.739280;-1.105545;-0.737213
14.97430;1.26846;14.95091;-0.361008;1.070942;-0.523405
12.17750;1.29757;12.05420;0.570430;0.290705;0.857146
12.18199;4.07164;14.93301;0.492758;-1.081590;0.100064
14.87845;4.05826;12.25553;-1.017307;0.127386;-0.289098
10.92123;5.41167;0.04398;-0.940976;-0.584689;0.331220
10.77432;8.15738;2.59651;1.349166;0.162170;1.852349
13.46373;8.05337;0.03646;0.395538;0.844088;0.976073
13.55035;5.36379;2.77905;-0.196782;-0.188416;-0.150925
14.77493;6.82692;4.04354;0.656457;-0.159078;-0.061837
12.15728;6.70041;1.49608;0.446895;0.232946;-0.674372
12.16776;9.57299;4.15110;0.047011;-0.145499;-2.103500
14.76962;9.62283;1.43051;1.450945;-1.418647;-1.683302
10.73029;5.51169;5.28322;-0.500087;-1.156961;-0.399859
10.76166;8.12492;8.14921;0.967854;0.033704;-0.452425
13.41713;8.10052;5.40465;0.903047;1.187613;-0.184223
13.52899;5.51906;8.02101;-1.087631;0.030439;0.217233
14.89645;6.71868;9.48885;-1.159579;1.136393;-0.179567
12.00996;6.78617;6.53717;0.733386;0.361757;2.779021
12.19477;9.53362;9.48147;0.052476;-0.275365;-0.338337
14.86926;9.54727;6.66823;-0.843065;-1.268940;0.766408
10.82697;5.37789;10.90395;-0.722505;-0.492401;-1.881576
10.87292;8.12982;13.57365;-0.672825;-0.240218;-0.434504
13.56156;8.22997;10.86821;0.132291;-0.634067;-0.730012
13.40071;5.41446;13.56687;0.969535;0.709876;-0.608081
14.86871;6.76616;14.95945;0.019470;-0.127448;-1.052448
12.08356;6.80926;12.02554;1.342739;0.770083;1.801746
12.18370;9.46241;14.93610;-0.129653;-0.390602;-0.001434
15.00741;9.55528;12.13142;-0.797346;-0.273386;1.044594
10.83807;10.87864;16.17261;-0.787664;-0.174827;0.244378
10.74887;13.54001;2.63294;-0.949117;-0.207813;0.150815
13.55609;13.65607;16.22555;-0.794525;-0.375324;0.596625
13.52436;11.05029;2.61152;-0.523984;-0.804361;2.204978
14.85608;12.25170;4.13969;0.380364;0.000092;-0.553501
12.08239;12.23193;1.34161;0.661446;0.592752;-0.975276
12.07204;14.74664;4.00831;0.794678;0.930310;0.742106
14.87807;14.92676;1.41412;0.091464;-0.347650;0.121675
10.78397;10.82487;5.46430;0.204529;0.706893;-0.402136
10.92011;13.56094;8.03432;-1.230937;0.374874;0.598607
13.37595;13.47884;5.52360;1.083930;0.834640;-1.185003
13.57432;10.90299;8.07542;-1.060312;-1.445904;-0.310128
14.83932;12.12142;9.41458;1.120215;-0.025337;1.194542
12.11315;12.15213;6.78580;0.290227;-0.825197;0.107853
12.22285;14.86006;9.40199;-0.097471;-0.093466;1.342745
14.82649;14.86194;6.78487;-0.514360;0.722370;-0.558572
10.84474;10.91083;10.81653;-0.090168;-0.321428;0.256201
10.78360;13.54384;13.68270;0.305696;0.317142;-0.750892
13.54960;13.34807;10.81864;-0.979323;1.300738;0.007346
13.47668;10.80470;13.62033;1.012710;-0.127404;-0.828287
14.78738;12.23617;14.91367;0.664291;-0.176243;-0.252874
12.15676;12.18315;12.28835;-0.328599;-0.054586;-0.116420
12.20093;15.00834;14.91849;0.601560;-0.810953;-1.094292
14.80345;14.76401;12.16710;-0.018523;1.161566;-0.466248
