16.19347;0.04490;16.22948;-0.993317;-0.473663;-0.504470
0.03654;2.63629;2.71689;0.082870;0.213320;-0.790415
2.72688;2.59935;0.11425;0.238722;0.884454;-0.793009
2.84895;16.17391;2.74081;-1.097201;0.089794;-0.760661
4.10851;1.42504;3.99250;-0.126395;-1.065623;0.794034
1.35882;1.23429;1.29184;0.400262;0.282856;1.720908
1.26539;3.96306;4.16993;0.474137;-0.541956;-1.005868
4.20763;3.91570;1.34332;-1.014224;0.596646;0.259994
16.18118;0.01688;5.45743;0.517882;-0.777014;-0.488499
0.13599;2.67293;8.12464;-0.711776;0.367693;0.424761
2.67618;2.65046;5.34744;-0.060923;-0.731982;0.968337
2.78377;16.11985;8.15226;-0.701054;-0.235365;0.068770
3.98601;1.28390;9.47339;0.694945;0.461316;0.429740
1.38637;1.24109;6.85724;0.459777;0.090144;-1.074051
1.35727;4.09387;9.47882;0.429353;0.208139;0.563212
3.98760;3.93975;6.74832;0.408580;0.634741;0.744805
16.19748;16.22830;10.83237;0.180518;0.199467;-1.367979
16.05772;2.75274;13.70176;1.089552;0.500317;-0.561030
2.63742;2.65696;10.91730;0.377732;0.618839;-1.447684
2.66872;0.10189;13.37664;-0.968823;-0.253714;0.535613
3.96028;1.33451;14.85863;0.446658;-0.359018;0.010705
1.15130;1.48359;12.10805;-0.076738;-0.661365;1.563400
1.48329;4.09274;14.97063;-0.670526;-0.203968;-0.445960
4.10496;3.87009;12.19897;-0.679574;1.274099;0.087342
0.02258;5.38667;0.09097;0.280029;0.265593;-0.139344
0.10268;8.15040;2.80975;-0.583269;-0.381763;-1.006414
2.67811;7.99798;0.07607;0.648935;0.512144;0.424164
2.65485;5.16025;2.80135;1.348771;0.555899;-0.580322
3.99670;6.69673;4.08185;-1.172657;0.276180;-0.772661
1.42699;6.68030;1.54344;-0.680967;-0.004516;-0.650759
1.44795;9.44263;4.08029;-0.697244;0.589623;0.087853
4.12458;9.49296;1.37269;-1.077991;-0.174249;-0.126854
0.16579;5.42911;5.39266;-2.095018;0.509178;1.707633
16.20197;8.33154;8.20631;-0.772742;-1.036481;-0.952766
2.55040;8.01277;5.39758;1.029499;-0.227149;0.328137
2.74711;5.50507;8.19660;-0.727184;-1.478823;-1.063301
4.10244;6.81913;9.35426;1.269240;-0.024476;0.666214
1.29394;6.84831;6.93347;-0.066653;-0.461295;-0.361542
1.45563;9.57520;9.30690;0.807209;0.784446;1.199949
3.99852;9.45759;6.49289;0.347882;0.162737;0.308088
16.20962;5.47493;10.83599;0.191148;-0.416715;0.236591
16.22216;8.10820;13.49731;-0.246055;0.633542;0.380390
2.72162;8.09559;10.68791;0.061073;0.962744;0.278012
2.76597;5.48949;13.43993;-0.413631;-0.789541;0.070016
4.02903;6.75127;14.91190;0.637234;-0.012385;-0.171993
1.31878;6.90067;12.12001;0.749690;-1.216313;-0.292406
1.48447;9.33835;14.82528;-0.644118;0.246651;0.197095
4.14034;9.47864;12.06439;-0.233756;0.198460;-1.264472
0.12686;10.71729;16.19403;-0.709774;0.128063;-0.327519
16.22453;13.51474;2.70944;-0.329484;0.146146;-0.247929
2.57674;13.41421;16.14085;-0.318103;0.867283;0.189050
2.73760;10.82080;2.80826;0.439287;0.256871;-1.150753
4.09718;12.22921;4.05399;-0.935711;0.061156;0.617943
1.33882;12.09413;1.34966;-0.027387;0.069609;0.702072
1.45759;14.80186;4.05302;-1.554230;1.538130;-0.462037
3.96471;14.80470;1.21668;0.289959;-0.063916;0.428947
0.04842;10.79326;5.35707;0.051210;0.503442;-0.089566
16.09299;13.58836;7.94392;0.919595;-0.892971;1.801216
2.58883;13.53868;5.43679;1.789319;-1.013381;0.879543
2.86255;10.91833;7.91044;-0.339091;-0.208516;1.246764
4.16366;12.13819;9.56976;-1.596490;0.845188;-1.610771
1.26155;12.16361;6.77752;0.367172;0.294063;-0.494598
1.35969;14.76532;9.43437;-1.082401;0.780261;-0.353634
4.11852;14.77258;6.85700;-0.610413;0.571863;-1.298950
0.16003;10.94563;10.85234;-0.745418;-1.609370;-1.010864
16.10930;13.71649;13.41872;0.978001;-1.319198;0.137169
2.67789;13.53762;10.81286;0.740575;-0.758630;0.387254
2.76038;10.71831;13.42925;-0.135399;0.258493;0.400352
3.94553;12.15278;14.83078;0.897075;-0.108611;-0.188683
1.39751;12.17135;12.21781;0.014453;1.394343;0.741986
1.24584;14.91383;14.81418;0.861422;0.388283;-0.086737
4.04052;14.95612;12.09602;-0.042753;0.210779;-0.523800
5.34014;16.14061;16.14007;-0.041755;0.780332;0.556622
5.51450;2.59459;2.68383;0.345016;0.935832;0.076952
8.14613;2.62577;0.22531;0.331461;1.406847;-0.915783
8.00069;0.05079;2.89131;0.985137;-0.701820;0.188696
9.50663;1.47071;4.21219;-0.838614;0.208330;-1.052741
6.77260;1.23389;1.36100;-0.586983;-0.647183;-0.195941
6.61285;4.13685;4.10137;1.106216;-0.363393;-0.350167
9.52094;4.23848;1.52556;-0.878923;-0.264373;-0.888289
5.40560;16.21552;5.42069;-0.346441;0.863692;0.854995
5.46771;2.47605;8.03986;-1.049111;1.362351;0.480842
8.11586;2.89491;5.51586;0.525351;0.405908;-1.543379
8.09429;16.05564;7.96788;-0.126233;1.335920;0.824805
9.48118;1.19029;9.34726;0.207799;-0.005418;1.049338
6.95009;1.42589;6.67134;-1.263859;-2.027779;0.478858
6.64716;4.01819;9.42035;0.971849;-0.936222;-0.029209
9.56791;4.04497;6.84262;0.229711;0.843670;-0.079440
5.51112;16.22000;10.72089;-0.628882;0.035755;0.538888
5.40754;2.52328;13.48771;0.386628;0.324380;0.738648
8.12954;2.61154;10.77075;-0.690725;-0.567740;-0.743544
8.15196;16.08964;13.56950;0.092954;0.296289;-0.253655
9.37247;1.50698;14.82856;0.586578;-1.082974;0.604820
6.81738;1.24307;12.22843;0.313963;-0.344040;-0.930507
6.88223;3.83762;14.77389;-0.508978;0.491406;1.182407
9.43056;3.89408;12.12047;0.344589;1.132002;-0.712834
5.44671;5.28267;16.13217;0.532563;0.193488;-0.175634
5.31808;8.05058;2.71728;1.257085;0.042121;-0.171730
7.97268;8.12261;16.01156;1.000298;0.061666;1.098334
8.10374;5.57843;2.88853;-0.684364;-0.573475;-1.064206
9.49065;6.89816;4.11747;0.679324;-0.605180;0.758535
6.76424;6.76697;1.26736;-0.415594;-0.424372;0.436361
6.92382;9.38385;3.97473;-0.807828;0.347154;0.148010
9.47939;9.46683;1.25706;-0.788622;-0.270190;-0.394441
5.24443;5.42712;5.40386;0.938839;-0.559199;0.977008
5.42160;8.14063;7.79949;0.275921;-0.128179;1.463217
8.24833;8.23617;5.55118;0.548334;0.507439;-0.202829
8.12472;5.33405;8.16148;-0.242297;0.533034;-0.544161
9.52068;6.61957;9.53780;-0.661258;0.607274;-0.142057
6.85029;6.73345;6.58987;-0.233989;-0.578960;0.900372
6.85041;9.33739;9.39560;0.120352;-0.472963;-0.778589
9.71059;9.66247;6.98753;-1.988590;-0.577737;-1.031371
5.34738;5.25570;10.80936;-0.395460;1.273145;-0.253108
5.32453;8.25386;13.56367;0.098678;-1.598528;-0.232207
8.14637;7.95931;10.88765;-0.132945;0.560149;-0.372136
8.20667;5.25748;13.46764;-1.302413;0.877318;-0.274911
9.44584;6.76531;14.72829;0.106591;0.110363;0.391937
6.62522;6.71281;12.16098;0.619037;-0.329819;0.922443
6.61905;9.58359;14.87035;0.916741;0.179547;-0.398813
9.53295;9.45993;12.13697;-0.311752;-0.001291;-0.061658
5.40472;10.92737;0.04767;-0.625965;-0.040238;-0.171941
5.32281;13.60920;2.73557;0.376280;-0.265764;-0.902412
8.03127;13.52297;16.21028;0.419667;-0.225637;0.909031
8.16984;10.87608;2.62817;0.442911;-0.958647;0.726856
9.47227;12.15476;4.16554;-0.348871;-0.541501;-0.797511
6.72563;12.16794;1.45645;-0.053784;1.160939;-0.428875
6.65375;14.79923;4.20143;0.468951;0.573096;-1.346011
9.40663;14.92436;1.45638;-0.743232;-0.164837;-0.131992
5.44810;10.80283;5.25833;0.316243;-0.675020;-0.272335
5.43468;13.39451;8.07624;-0.260695;0.392562;1.024659
8.06767;13.47389;5.37739;-0.509822;-0.578628;0.762197
8.10041;10.86660;8.12411;0.810052;-0.116285;0.874596
9.63226;12.14381;9.52854;-0.847058;0.389758;-1.100625
6.65889;12.05215;6.76940;1.218902;0.227436;-0.768648
6.74881;14.80729;9.37706;0.106036;-0.042510;-0.255452
9.39896;14.90829;6.57820;0.356090;-0.702386;0.334625
5.57488;10.80843;10.57953;0.027941;-1.219948;2.057184
5.26470;13.61015;13.48210;0.748532;-1.419760;-0.278568
8.08635;13.47062;10.70855;0.636380;-0.204424;0.244969
8.14503;10.78474;13.50201;-0.771559;-0.178796;-0.597887
9.37403;12.13624;14.83420;0.680793;0.431948;0.714102
6.79660;12.11977;12.07314;-0.582063;0.487188;0.755411
6.67040;14.80897;14.87820;0.493675;0.160405;-0.485796
9.45944;14.65984;12.13668;0.086310;1.735464;0.118736
10.66960;0.07484;0.05447;0.924820;0.383939;-0.245286
10.82788;2.79601;2.70773;-0.804751;0.158723;1.419164
13.45759;2.85109;0.02296;0.081785;-0.815045;0.431263
13.34406;0.09368;2.70329;0.679934;-0.993222;0.753342
14.93006;1.32317;3.97476;-1.244187;-0.251033;1.057534
12.12211;1.54235;1.43401;-0.183943;-1.165457;-1.666263
12.18656;4.04184;4.10799;0.545817;-0.647187;-0.123612
14.86950;4.00788;1.39791;0.420360;0.347466;0.118083
10.81504;0.10316;5.51783;-0.158547;-0.527903;-0.872182
10.88350;2.67529;8.16634;-0.717122;-0.170179;0.046507
13.49391;2.63629;5.44865;1.469883;0.739600;-0.515370
13.43821;0.12103;8.15710;0.425438;-0.822837;0.836182
14.87355;1.47303;9.46026;-0.022418;-0.335742;0.769133
12.16974;1.40039;6.78326;-0.022275;-0.192012;0.244440
12.17826;4.10634;9.40425;0.605958;0.388614;0.635677
14.88345;4.01069;6.92347;0.320979;0.418015;-1.680269
10.91789;16.20543;10.95517;-0.943348;-0.039248;-0.611915
10.80178;2.92020;13.57975;1.046062;-0.991129;0.768854
13.52858;2.89262;10.93608;0.102905;-0.632969;-0.964756
13.33845;0.11037;13.48384;1.313922;-1.661978;1.576633
14.67286;1.37968;14.95682;0.553886;-0.384839;-0.142209
12.20124;1.49690;12.28079;-1.531233;1.047027;-1.316800
12.27433;4.29084;14.95979;-1.051110;-0.900006;-0.749628
14.82422;4.21860;12.30438;0.660099;-0.195595;-0.154240
10.81019;5.49428;16.18534;-0.909588;0.330602;0.598149
10.78229;8.12339;2.65120;-0.131000;0.388406;0.057460
13.56784;8.01223;0.11995;0.350075;0.594864;-0.899599
13.46558;5.32936;2.71583;0.532853;1.058163;-0.193071
14.95930;6.73608;4.01478;-0.347713;-0.444576;0.296827
12.10810;6.80063;1.34014;0.346736;-0.996150;0.700283
12.13649;9.48092;3.95402;0.595610;-0.074999;0.735076
14.91552;9.41611;1.38700;0.448787;0.389019;-0.125635
10.97787;5.39737;5.40750;-1.966917;0.659397;0.186987
10.76039;8.14934;8.25557;1.121873;-0.951401;-0.264846
13.62413;8.14442;5.34272;-0.451347;0.510927;-0.249707
13.50441;5.54001;8.02784;0.052750;0.224978;0.602005
14.90553;6.86251;9.53349;0.300314;-0.959459;-1.532157
12.12691;6.93357;6.62022;0.470824;-0.149642;1.394703
12.27244;9.45794;9.45321;-0.690075;-0.238506;0.172949
14.88757;9.61249;6.70155;-0.407198;-0.913621;0.673666
10.83645;5.32482;10.88163;0.309723;-0.091143;0.071225
10.89694;8.16695;13.49839;-1.053416;-0.520539;-0.176483
13.63906;8.19084;10.74002;-1.162964;-0.218177;1.571475
13.57102;5.60076;13.64333;-1.489708;-0.713341;-1.974404
14.90738;6.74001;14.86835;1.556081;1.184460;1.887556
12.15939;6.82746;12.16205;0.901669;-0.202784;-0.465985
12.20012;9.31719;14.92086;0.817127;1.396829;0.528984
14.90708;9.51429;12.13029;0.519553;0.526853;0.256517
10.81501;10.80989;16.16617;-0.067815;-0.184938;-0.228387
10.73316;13.45602;2.74461;-0.472487;0.609115;-0.165270
13.55825;13.56873;16.18266;-0.357132;-0.548103;0.565291
13.58423;10.83411;2.72393;-0.947555;0.209326;-0.862521
14.84964;12.16611;4.10468;0.228682;0.831303;0.055142
12.02052;12.20037;1.35311;2.030890;-0.323276;-0.399992
11.95508;14.81562;4.12664;0.876046;1.289735;-0.610532
14.78946;14.97354;1.38066;0.251887;-0.362073;0.162961
10.89090;10.85475;5.45810;0.363997;-0.549363;-0.816458
10.75361;13.57863;7.91544;0.676050;-0.790235;1.061944
13.38915;13.58610;5.43400;1.505134;0.028634;-0.557316
13.55956;10.84373;8.22283;0.133488;0.154028;-1.397787
14.95664;12.13655;9.47019;0.060434;1.111613;0.286755
12.28523;12.13139;6.70648;-0.746943;0.404797;1.476831
12.12925;14.80483;9.48181;-0.103762;0.740732;-0.605272
14.74028;14.94048;6.81322;-0.456477;0.855461;-1.065515
11.00801;10.79844;10.86118;-0.390431;0.306961;0.283420
10.79400;13.52159;13.59657;0.061549;-0.863119;-0.316110
13.54533;13.52740;10.79342;0.266852;-0.316567;0.164896
13.56205;10.80314;13.58519;0.535361;-0.228109;0.456576
15.03115;12.25389;14.84441;-0.775367;-0.895915;0.433986
12.28197;12.20147;12.29481;-0.560412;0.126044;-0.429618
12.08736;14.86134;14.92409;0.078168;1.130908;0.157236
14.79103;15.02556;12.13244;-0.999504;-0.094140;-0.099336
